DATE	TIME	RIVER LEVEL	R/W PUMP DUTY	R/W FLOW	R/W NTU	R/W CLR	R/W PH	FILT. NTU	C/W WELL LEVEL	PH	NTU	CLR	CL2	F/RIDE	ALUM	T/W PUMP DUTY	T/W FLOW	18ML LEVEL	18ML FLOW	REMARKS
2025-01-04 00:00:00	700	7.45	2.0	48.4	120	1183	7.0	0.06	3.83	7.3	0.1	5	1.7	-	0.05	2,4	43.5	-	-	
2025-01-04 00:00:00	900	7.5	2.0	48.6	146	1439	7.0	0.08	3.72	7.3	0.1	5	1.5	-	0.05	2,4	43.6	-	-	B/W filter no.3
2025-01-04 00:00:00	1100	7.59	2.0	48.2	109	988	7.0	0.06	3.83	7.3	0.1	5	1.6	-	0.05	2,4	43.8	-	-	
2025-01-04 00:00:00	1300	7.44	2.0	47.6	94	931	7.0	0.07	3.86	7.3	0.1	5	1.6	-	0.05	2,4	43.6	-	-	
2025-01-04 00:00:00	1500	7.22	2.0	48.1	76	680	7.0	0.09	3.81	7.3	0.11	5	1.6	-	0.05	2,4	42.6	-	-	
2025-01-04 00:00:00	1700	7.21	2.0	47.6	62	540	7.0	0.09	3.79	7.3	0.12	5	1.6	-	0.05	2,4	42.6	-	-	
2025-01-04 00:00:00	1900	7.01	2.0	47.0	55	537	7.0	0.13	3.78	7.3	0.13	5	1.6	-	0.05	2,4	42.6	-	-	
2025-01-04 00:00:00	2100	6.89	2.0	47.0	55	537	7.0	0.16	3.76	7.3	0.13	5	1.6	-	0.05	2,4	42.6	-	-	
2025-01-04 00:00:00	2300	6.8	2.0	47.0	63	561	7.0	0.13	3.8	7.3	0.13	5	1.5	-	0.05	2,4	43.5	-	-	
2025-01-04 00:00:00	100	6.82	2.0	47.3	60	554	7.0	0.14	3.81	7.3	0.13	5	1.5	-	0.05	2,4	43.6	-	-	
2025-01-04 00:00:00	300	6.79	2.0	47.0	57	542	7.0	0.15	3.79	7.3	0.14	5	1.6	-	0.05	2,4	43.5	-	-	
2025-01-04 00:00:00	500	6.78	2.0	47.2	54	530	7.0	0.24	3.82	7.3	0.17	5	1.6	-	0.05	2,4	43.5	-	-	
2025-02-04 00:00:00	700	7.1	2.0	47.6	58	569	7.0	0.16	3.63	7.3	0.17	5	1.6	-	0.05	2,4	43.3	-	-	B/W no.2
2025-02-04 00:00:00	900	7.07	2.0	47.2	62	606	7.0	0.05	3.75	7.3	0.16	5	1.6	-	0.05	2,4	43.7	-	-	
2025-02-04 00:00:00	1100	6.98	2.0	46.4	69	622	7.0	0.05	3.81	7.3	0.12	5	1.6	-	0.05	2,4	43.8	-	-	
2025-02-04 00:00:00	1300	6.86	2.0	46.8	72	708	7.0	0.05	3.81	7.3	0.12	5	1.6	-	0.05	2,4	43.7	-	-	
2025-02-04 00:00:00	1500	6.63	2.0	47.5	65	580	7.0	0.08	3.78	7.3	0.13	5	1.6	-	0.05	2,4	42.8	-	-	B/W filter 3,6 (2.00pm)
2025-02-04 00:00:00	1700	6.61	2.0	48.9	77	680	7.0	0.16	3.63	7.3	0.17	5	1.6	-	0.05	2,4	42.8	-	-	
2025-02-04 00:00:00	1900	6.61	2.0	47.6	79	680	7.0	0.11	3.8	7.3	0.15	5	1.6	-	0.05	2,4	42.8	-	-	
2025-02-04 00:00:00	2100	6.58	2.0	47.2	65	580	7.0	0.13	3.78	7.3	0.15	5	1.6	-	0.05	2,4	42.8	-	-	
2025-02-04 00:00:00	2300	6.6	2.0	46.9	77	690	7.0	0.17	3.81	7.3	0.14	5	1.5	-	0.05	2,4	43.8	-	-	
2025-02-04 00:00:00	100	6.72	2.0	47.0	62	612	7.0	0.17	3.8	7.3	0.15	5	1.5	-	0.05	2,4	43.8	-	-	
2025-02-04 00:00:00	300	6.93	2.0	46.8	50	580	7.0	0.2	3.82	7.3	0.15	5	1.6	-	0.05	2,4	43.7	-	-	
2025-02-04 00:00:00	500	7.01	2.0	46.7	39	370	7.0	0.36	3.82	7.3	0.18	5	1.6	-	0.05	2,4	43.8	-	-	B/W no.1
2025-03-04 00:00:00	700	7.26	2.0	46.6	41	405	7.0	0.2	3.64	7.3	0.2	5	1.7	-	0.05	2,4	43.6	-	-	
2025-03-04 00:00:00	900	7.16	2.0	46.8	53	519	7.0	0.11	3.72	7.3	0.17	5	1.6	-	0.05	2,4	43.8	-	-	
2025-03-04 00:00:00	1100	7.16	2.0	46.4	50	487	7.0	0.09	3.77	7.3	0.13	5	1.6	-	0.05	2,4	43.8	-	-	
2025-03-04 00:00:00	1300	7.17	2.0	46.9	50	487	7.0	0.11	3.8	7.3	0.13	5	1.6	-	0.05	2,4	43.9	-	-	B/W
2025-03-04 00:00:00	1500	6.95	2.0	46.7	46	450	7.0	0.12	3.77	7.3	0.14	5	1.6	-	0.05	2,4	42.8	-	-	Filter no.2 (2.00pm)
2025-03-04 00:00:00	1700	6.89	2.0	47.0	30	250	7.0	0.12	3.75	7.3	0.15	5	1.6	-	0.05	2,4	42.8	-	-	
2025-03-04 00:00:00	1900	6.74	2.0	46.0	28	250	7.0	0.04	3.67	7.3	0.15	5	1.6	-	0.05	2,4	42.8	-	-	
2025-03-04 00:00:00	2100	6.67	2.0	46.4	32	350	7.0	0.04	3.66	7.3	0.13	5	1.6	-	0.05	2,4	42.8	-	-	
2025-03-04 00:00:00	2300	6.59	2.0	47.3	46	421	7.0	0.05	3.66	7.3	0.12	5	1.6	-	0.05	2,4	44.0	-	-	B/W no.4
2025-03-04 00:00:00	100	6.59	2.0	47.6	41	398	7.0	0.05	3.74	7.3	0.13	5	1.6	-	0.05	2,4	43.9	-	-	
2025-03-04 00:00:00	300	6.58	2.0	47.2	35	360	7.0	0.06	3.79	7.3	0.14	5	1.6	-	0.05	2,4	43.8	-	-	
2025-03-04 00:00:00	500	6.57	2.0	46.7	27	320	7.0	0.08	3.81	7.3	0.14	5	1.5	-	0.05	2,4	43.8	-	-	
2025-04-04 00:00:00	700	6.66	2.0	46.4	29	243	7.0	0.08	3.81	7.3	0.15	5	1.7	-	0.05	2,4	44.1	-	-	B/W Fil. 3 & 5
2025-04-04 00:00:00	900	6.63	2.0	46.7	46	452	7.0	0.08	3.46	7.3	0.16	5	1.6	-	0.05	2,4	43.7	-	-	
2025-04-04 00:00:00	1100	6.47	2.0	46.6	46	452	7.0	0.07	3.61	7.3	0.13	5	1.6	-	0.05	2,4	44.1	-	-	
2025-04-04 00:00:00	1300	6.42	2.0	46.6	46	452	7.0	0.07	3.81	7.3	0.14	5	1.6	-	0.05	2,3	43.9	-	-	
2025-04-04 00:00:00	1500	6.36	2.0	47.8	41	398	7.0	0.1	3.78	7.3	0.14	5	1.6	-	0.05	1,3	42.6	-	-	B/W filter no.6 (2.00pm)
2025-04-04 00:00:00	1700	6.25	2.0	47.5	37	350	7.0	0.12	3.8	7.3	0.15	5	1.6	-	0.05	1,3	42.5	-	-	
2025-04-04 00:00:00	1900	6.13	2.0	47.0	37	350	7.0	0.15	3.79	7.3	0.15	5	1.6	-	0.05	1,3	42.4	-	-	
2025-04-04 00:00:00	2100	5.92	2.0	47.0	37	350	7.0	0.16	3.79	7.3	0.15	5	1.6	-	0.05	1,3	42.4	-	-	
2025-04-04 00:00:00	2300	5.81	2.0	46.3	37	355	7.0	0.18	3.82	7.3	0.15	5	1.6	-	0.05	1,3	43.2	-	-	
2025-04-04 00:00:00	100	5.81	2.0	47.8	33	330	7.0	0.27	3.82	7.3	0.16	5	1.6	-	0.05	1,3	43.2	-	-	
2025-04-04 00:00:00	300	5.83	2.0	47.1	34	341	7.0	0.28	3.82	7.3	0.18	5	1.6	-	0.05	1,3	43.2	-	-	
2025-04-04 00:00:00	500	5.89	2.0	46.5	33	335	7.0	0.3	3.82	7.3	0.2	5	1.5	-	0.05	1,3	43.2	-	-	
2025-05-04 00:00:00	700	5.9	2.0	46.5	37	348	7.0	0.28	3.82	7.3	0.2	5	1.5	-	0.05	1,3	43.3	-	-	
2025-05-04 00:00:00	900	5.8	2.0	46.7	51	480	7.0	0.29	3.82	7.3	0.2	5	1.5	-	0.05	1,3	43.3	-	-	
2025-05-04 00:00:00	1100	5.62	2.0	47.6	64	521	7.0	0.27	3.78	7.3	0.19	5	1.6	-	0.05	1,3	43.4	-	-	
2025-05-04 00:00:00	1300	5.48	2.0	47.4	61	509	7.0	0.27	3.81	7.3	0.2	5	1.6	-	0.05	1,3	43.2	-	-	
2025-05-04 00:00:00	1500	5.45	2.0	46.0	61	540	7.0	0.27	3.79	7.3	0.2	5	1.6	-	0.05	1,3	42.4	-	-	B/W filter no.1&2 (2.00pm)
2025-05-04 00:00:00	1700	5.41	2.0	46.7	48	450	7.0	0.06	3.73	7.3	0.23	5	1.6	-	0.05	1,3	42.4	-	-	
2025-05-04 00:00:00	1900	5.39	2.0	47.4	49	450	7.0	0.05	3.61	7.3	0.15	5	1.6	-	0.05	1,3	42.4	-	-	
2025-05-04 00:00:00	2100	5.34	2.0	47.2	30	350	7.0	0.05	3.76	7.3	0.13	5	1.6	-	0.05	1,3	42.5	-	-	
2025-05-04 00:00:00	2300	5.39	2.0	47.0	54	485	7.0	0.05	3.82	7.3	0.12	5	1.5	-	0.05	1,3	43.4	-	-	
2025-05-04 00:00:00	100	5.63	2.0	46.9	62	580	7.0	0.05	3.82	7.3	0.12	5	1.6	-	0.05	1,5	43.4	-	-	
2025-05-04 00:00:00	300	5.89	2.0	46.6	72	670	7.0	0.05	3.82	7.3	0.11	5	1.6	-	0.05	1,3	43.3	-	-	
2025-05-04 00:00:00	500	6.26	2.0	46.8	85	755	7.0	0.06	3.82	7.3	0.11	5	1.6	-	0.05	1,3	43.4	-	-	
2025-06-04 00:00:00	700	6.31	2.0	47.1	105	772	7.0	0.07	3.78	7.3	0.11	5	1.6	-	0.05	1,3	43.6	-	-	
2025-06-04 00:00:00	900	6.28	2.0	47.3	81	721	7.0	0.07	3.8	7.3	0.11	5	1.6	-	0.05	1,3	43.7	-	-	
2025-06-04 00:00:00	1100	6.17	2.0	47.3	77	700	7.0	0.06	3.82	7.3	0.12	5	1.6	-	0.06	1,3	43.6	-	-	
2025-06-04 00:00:00	1300	6.13	2.0	47.2	73	672	7.0	0.08	3.82	7.3	0.13	5	1.6	-	0.06	1,3	43.7	-	-	
2025-06-04 00:00:00	1500	6.12	2.0	47.1	56	485	7.0	0.09	3.81	7.3	0.13	5	1.6	-	0.06	1,3	43.8	-	-	
2025-06-04 00:00:00	1700	6.11	2.0	47.3	44	440	7.0	0.09	3.83	7.3	0.14	5	1.6	-	0.06	1,3	42.7	-	-	
2025-06-04 00:00:00	1900	6.13	2.0	47.3	41	406	7.0	0.1	3.82	7.3	0.15	5	1.6	-	0.06	1,3	42.8	-	-	
2025-06-04 00:00:00	2100	6.12	2.0	47.2	41	406	7.0	0.1	3.82	7.3	0.15	5	1.6	-	0.06	1,3	43.7	-	-	
2025-06-04 00:00:00	2300	6.09	2.0	47.1	37	396	7.0	0.18	3.82	7.3	0.17	5	1.6	-	0.06	1,3	43.7	-	-	B/W Fil No. 4,6
2025-06-04 00:00:00	100	6.55	2.0	47.3	57	485	7.0	0.2	3.71	7.3	0.16	5	1.6	-	0.06	1,3	43.8	-	-	
2025-06-04 00:00:00	300	6.91	2.0	47.4	63	530	7.0	0.2	3.82	7.3	0.16	5	1.6	-	0.06	1,3	43.7	-	-	
2025-06-04 00:00:00	500	7.42	2.0	47.8	176	1430	7.0	0.28	3.82	7.3	0.17	5	1.6	-	0.06	1,3	43.7	-	-	
2025-07-04 00:00:00	700	7.49	2.0	47.8	221	2110	7.0	0.29	3.78	7.3	0.19	5	1.6	-	0.06	2,3	43.8	-	-	B/W filter no.2&3 (5.45am)
2025-07-04 00:00:00	900	7.63	2.0	47.9	203	2000	7.0	0.37	3.77	7.3	1.3	5	1.6	-	0.06	2,3	43.9	-	-	
2025-07-04 00:00:00	1100	7.71	2.0	47.2	141	1055	7.0	0.23	3.79	7.3	0.62	5	1.6	-	0.06	2,3	42.9	-	-	
2025-07-04 00:00:00	1300	7.76	2.0	47.1	107	850	7.0	0.28	3.79	7.3	0.29	5	1.6	-	0.06	2,3	42.9	-	-	
2025-07-04 00:00:00	1500	7.76	2.0	47.1	89	781	7.0	0.3	3.82	7.3	0.23	5	1.6	-	0.06	2,3	43.6	-	-	B/W no.5
2025-07-04 00:00:00	1700	7.77	2.0	46.7	68	635	7.0	0.26	3.81	7.3	0.22	5	1.6	-	0.06	2,3	43.7	-	-	
2025-07-04 00:00:00	1900	7.72	2.0	47.2	63	611	7.0	0.28	3.82	7.3	0.21	5	1.6	-	0.06	2,3	43.7	-	-	
2025-07-04 00:00:00	2100	7.68	2.0	47.0	62	609	7.0	0.25	3.82	7.3	0.21	5	1.6	-	0.06	2,3	43.6	-	-	
2025-07-04 00:00:00	2300	8	2.0	46.9	60	598	7.0	0.24	3.82	7.3	0.21	5	1.6	-	0.06	2,3	43.6	-	-	
2025-07-04 00:00:00	100	7.9	2.0	46.8	62	609	7.0	0.26	3.82	7.3	0.22	5	1.6	-	0.06	2,3	43.7	-	-	
2025-07-04 00:00:00	300	7.79	2.0	46.8	63	611	7.0	0.22	3.78	7.3	0.24	5	1.6	-	0.06	2,3	43.6	-	-	
2025-07-04 00:00:00	500	7.63	2.0	46.7	68	635	7.0	0.28	3.78	7.3	0.28	5	1.6	-	0.06	2,2	43.6	-	-	
2025-08-04 00:00:00	700	7.62	2.0	46.6	63	620	7.0	0.65	3.81	7.3	0.31	5	1.6	-	0.06	2,3	43.6	-	-	
2025-08-04 00:00:00	900	7.42	2.0	46.4	58	570	7.0	0.6	3.81	7.3	0.32	5	1.6	-	0.06	2,3	43.6	-	-	
2025-08-04 00:00:00	1100	7.11	2.0	46.4	56	557	7.0	0.51	3.81	7.3	0.34	5	1.6	-	0.05	2,3	43.6	-	-	
2025-08-04 00:00:00	1300	7.1	2.0	46.6	54	546	7.0	0.53	3.81	7.3	0.34	5	1.6	-	0.05	2,3	43.7	-	-	
2025-08-04 00:00:00	1500	7.15	2.0	46.4	55	546	7.0	0.51	3.81	7.3	0.33	5	1.6	-	0.05	2,3	43.6	-	-	B/W No. 1,4
2025-08-04 00:00:00	1700	6.64	2.0	48.8	57	560	7.0	0.31	3.55	7.3	0.35	5	1.6	-	0.05	2,3	43.6	-	-	
2025-08-04 00:00:00	1900	6.86	2.0	48.4	49	480	7.0	0.5	3.65	7.3	0.29	5	1.6	-	0.05	2,3	43.7	-	-	
2025-08-04 00:00:00	2100	6.77	2.0	47.0	49	480	7.0	0.46	3.78	7.3	0.31	5	1.6	-	0.05	2,3	43.6	-	-	B/W No. 2,3
2025-08-04 00:00:00	2300	6.81	2.0	47.1	51	495	7.0	0.33	3.51	7.3	0.32	5	1.6	-	0.05	2,3	43.6	-	-	
2025-08-04 00:00:00	100	6.85	2.0	47.5	48	470	7.0	0.07	3.64	7.3	0.1	5	1.6	-	0.05	2,3	43.7	-	-	
2025-08-04 00:00:00	300	6.86	2.0	47.5	45	465	7.0	0.06	3.78	7.3	0.12	5	1.6	-	0.05	2,3	43.7	-	-	
2025-08-04 00:00:00	500	6.97	2.0	47.4	44	451	7.0	0.05		7.3	0.14	5	1.6	-	0.05	2,3	43.6	-	-	B/W No. 5
2025-09-04 00:00:00	700	6.78	2.0	47.0	47	480	7.0	0.07	3.57	7.3	0.15	5	1.6	-	0.06	2,3	42.5	-	-	
2025-09-04 00:00:00	900	6.78	2.0	47.6	65	620	7.0	0.15	3.69	7.3	0.13	5	1.6	-	0.06	2,3	42.6	-	-	B/W filter no.5 (8:30pm)
2025-09-04 00:00:00	1100	6.69	2.0	46.1	54	485	7.0	0.06	3.7	7.3	0.13	5	1.6	-	0.06	2,3	42.8	-	-	
2025-09-04 00:00:00	1300	6.63	2.0	46.1	55	485	7.0	0.08	3.71	7.3	0.14	5	1.6	-	0.06	2,3	42.8	-	-	
2025-09-04 00:00:00	1500	6.62	2.0	46.4	48	456	7.0	0.08	3.75	7.3	0.13	5	1.6	-	0.06	2,3	42.9	-	-	
2025-09-04 00:00:00	1700	6.6	2.0	47.9	51	465	7.0	0.1	3.69	7.3	0.14	5	1.5	-	0.06	2,3	44.0	-	-	
2025-09-04 00:00:00	1900	6.55	2.0	47.4	47	460	7.0	0.12	3.76	7.3	0.14	5	1.5	-	0.06	2,3	43.8	-	-	
2025-09-04 00:00:00	2100	6.55	2.0	46.9	45	431	7.0	0.14	3.81	7.3	0.16	5	1.5	-	0.06	2,3	44.1	-	-	
2025-09-04 00:00:00	2300	6.52	2.0	46.9	39	388	7.0	0.15	3.81	7.3	0.16	5	1.5	-	0.06	2,4	44.0	-	-	
2025-09-04 00:00:00	100	6.41	2.0	46.7	35	361	7.0	0.14	3.78	7.3	0.2	5	1.5	-	0.06	2,4	44.0	-	-	
2025-09-04 00:00:00	300	6.32	2.0	46.5	37	374	7.0	0.17	3.78	7.3	0.21	5	1.5	-	0.06	2,4	44.1	-	-	
2025-09-04 00:00:00	500	6.26	2.0	46.2	40	391	7.0	0.2	3.76	7.3	0.21	5	1.5	-	0.06	2,4	44.0	-	-	
2025-10-04 00:00:00	700	6.15	2.0	46.8	38	380	7.0	0.45	3.78	7.3	0.24	5	1.6	-	0.06	2,3	42.7	-	-	B/W filter no.3 (6.45am)
2025-10-04 00:00:00	900	6.1	2.0	46.5	39	380	7.0	0.46	3.74	7.3	0.26	5	1.6	-	0.06	2,3	42.7	-	-	(1,2) 9.00am
2025-10-04 00:00:00	1100	6.03	2.0	46.8	29	250	7.0	0.16	3.63	7.3	0.31	5	1.6	-	0.06	2,3	42.9	-	-	
2025-10-04 00:00:00	1300	5.99	2.0	48.4	30	250	7.0	0.11	3.67	7.3	0.31	5	1.6	-	0.06	2,3	42.9	-	-	
2025-10-04 00:00:00	1500	5.96	2.0	47.9	31	250	7.0	0.12	3.78	7.3	0.21	5	1.6	-	0.06	2,3	43.8	-	-	B/W no.4
2025-10-04 00:00:00	1700	5.9	2.0	47.2	30	248	7.0	0.19	3.67	7.3	0.17	5	1.4	-	0.06	2,3	44.4	-	-	
2025-10-04 00:00:00	1900	5.88	2.0	46.7	30	248	7.0	0.15	3.74	7.3	0.16	5	1.5	-	0.06	2,3	44.3	-	-	
2025-10-04 00:00:00	2100	5.86	2.0	46.1	32	265	7.0	0.15	3.75	7.3	0.16	5	1.5	-	0.06	2,3	44.3	-	-	
2025-10-04 00:00:00	2300	5.9	2.0	46.4	38	380	7.0	0.18	3.75	7.3	0.17	5	1.5	-	0.06	2,3	44.0	-	-	
2025-10-04 00:00:00	100	5.79	2.0	46.5	35	351	7.0	0.2	3.78	7.3	0.2	5	1.5	-	0.06	2,3	44.2	-	-	
2025-10-04 00:00:00	300	5.75	2.0	46.2	32	300	7.0	0.28	3.78	7.3	0.22	5	1.5	-	0.06	2,3	44.1	-	-	
2025-10-04 00:00:00	500	7.5	2.0	46.1	29	250	7.0	0.28	3.78	7.3	0.26	5	1.5	-	0.06	2,3	44.3	-	-	
2025-11-04 00:00:00	700	5.76	2.0	46.5	30	250	7.0	0.28	3.75	7.3	0.26	5	1.5	-	0.06	2,3	42.7	-	-	B/W filter 3,6 (2.35am)
2025-11-04 00:00:00	900	6.15	2.0	46.8	32	250	7.0	0.28	3.67	7.3	0.28	5	1.5	-	0.06	2,3	42.6	-	-	
2025-11-04 00:00:00	1100	6.35	2.0	46.5	200	1900	7.0	0.25	3.7	7.3	0.33	5	1.5	-	0.06	2,3	42.7	-	-	
2025-11-04 00:00:00	1300	6.3	2.0	47.1	213	2010	7.0	0.29	3.73	7.3	0.26	5	1.5	-	0.06	2,3	42.7	-	-	
2025-11-04 00:00:00	1500	6.19	2.0	46.7	130	1069	7.0	0.36	3.78	7.3	0.23	5	1.5	-	0.06	2,3	44.3	-	-	B/W no.2
2025-11-04 00:00:00	1700	5.9	2.0	46.0	69	780	7.0	0.15	3.74	7.3	0.23	5	1.6	-	0.06	2,4	44.4	-	-	
2025-11-04 00:00:00	1900	5.89	2.0	45.9	64	675	7.0	0.18	3.74	7.3	0.21	5	1.6	-	0.06	2,4	44.2	-	-	
2025-11-04 00:00:00	2100	5.85	2.0	45.4	61	630	7.0	0.37	3.73	7.3	0.2	5	1.6	-	0.06	2,4	44.1	-	-	
2025-11-04 00:00:00	2300	5.89	2.0	46.2	56	521	7.0	0.39	3.76	7.3	0.21	5	1.5	-	0.06	2,4	44.0	-	-	
2025-11-04 00:00:00	100	6.29	2.0	47.5	67	750	7.0	0.37	3.78	7.3	0.21	5	1.5	-	0.06	2,4	44.1	-	-	
2025-11-04 00:00:00	300	6.84	2.0	47.5	72	781	7.0	0.36	3.78	7.3	0.2	5	1.5	-	0.06	2,4	44.1	-	-	
2025-11-04 00:00:00	500	7.1	2.0	47.2	88	791	7.0	0.31	3.56	7.3	0.21	5	1.5	-	0.06	2,4	44.0	-	-	B/W no 1
2025-12-04 00:00:00	700	7.22	2.0	47.6	151	1060	7.0	0.45	3.66	7.3	0.32	5	1.5	-	0.06	2,4	42.7	-	-	
2025-12-04 00:00:00	900	7.42	2.0	47.9	237	1700	7.0	0.16	3.67	7.3	0.32	5	1.6	-	0.06	2,4	42.7	-	-	
2025-12-04 00:00:00	1100	7.56	2.0	47.0	211	1700	7.0	0.2	3.75	7.3	0.27	5	1.6	-	0.06	2,4	42.7	-	-	
2025-12-04 00:00:00	1300	7.59	2.0	46.5	142	1050	7.0	0.3	3.77	7.3	0.23	5	1.5	-	0.06	2,4	42.7	-	-	
2025-12-04 00:00:00	1500	7.56	2.0	47.3	114	995	7.0	0.34	3.81	7.3	0.24	5	1.6	-	0.06	2,4	44.3	-	-	B/W no.2,4,5
2025-12-04 00:00:00	1700	7.43	2.0	46.9	73	750	7.0	0.05	3.62	7.3	0.2	5	1.6	-	0.06	2,4	43.8	-	-	
2025-12-04 00:00:00	1900	7.47	2.0	46.8	72	735	7.0	0.05	3.58	7.3	0.21	5	1.6	-	0.06	2,4	43.9	-	-	
2025-12-04 00:00:00	2100	7.53	2.0	47.0	70	691	7.0	0.07	3.67	7.3	0.18	5	1.6	-	0.06	2,4	44.0	-	-	
2025-12-04 00:00:00	2300	7.79	2.0	46.8	74	761	7.0	0.06	3.68	7.3	0.18	5	1.6	-	0.06	2,4	44.0	-	-	
2025-12-04 00:00:00	100	7.8	2.0	46.8	61	602	7.0	0.16	3.72	7.3	0.2	5	1.6	-	0.06	2,4	44.1	-	-	
2025-12-04 00:00:00	300	7.78	2.0	46.7	57	514	7.0	0.16	3.72	7.3	0.22	5	1.6	-	0.06	2,4	44.0	-	-	
2025-12-04 00:00:00	500	7.76	2.0	46.8	49	489	7.0	0.18	3.56	7.3	0.22	5	1.6	-	0.06	2,4	44.0	-	-	B/W no 6
13/4/2025	700	7.78	2.0	46.6	54	486	7.0	0.2	3.63	7.3	0.23	5	1.6	-	0.06	2,4	43.7	-	-	
13/4/2025	900	7.76	2.0	47.5	51	484	7.0	0.23	3.68	7.3	0.22	5	1.6	-	0.06	2,4	43.9	-	-	
13/4/2025	1100	7.75	2.0	46.8	66	508	7.0	0.23	3.62	7.3	0.26	5	1.6	-	0.06	2,4	43.8	-	-	
13/4/2025	1300	7.74	2.0	47.4	55	486	7.0	0.23	3.65	7.3	0.24	5	1.6	-	0.06	2,4	43.7	-	-	
13/4/2025	1500	7.73	2.0	47.5	64	592	7.0	0.18	3.68	7.3	0.24	5	1.6	-	0.06	2,4	43.8	-	-	
13/4/2025	1700	7.68	2.0	47.5	56	545	7.0	0.2	3.82	7.3	0.2	5	1.5	-	0.06	2,4	43.9	-	-	
13/4/2025	1900	7.78	2.0	47.3	50	535	7.0	0.2	3.81	7.3	0.25	5	1.5	-	0.06	2,4	43.9	-	-	
13/4/2025	2100	7.82	2.0	47.5	47	500	7.0	0.4	3.81	7.3	0.25	5	1.5	-	0.06	2,4	43.9	-	-	
13/4/2025	2300	8.02	2.0	47.3	51	602	7.0	0.56	3.82	7.3	0.29	5	1.5	-	0.06	2,4	43.9	-	-	B/W no 2
13/4/2025	100	8.25	2.0	47.2	89	867	7.0	0.1	3.81	7.3	0.22	5	1.5	-	0.06	2,4	43.9	-	-	
13/4/2025	300	8.41	2.0	47.4	145	1390	7.0	0.06	3.81	7.3	0.2	5	1.5	-	0.06	2,4	43.8	-	-	
13/4/2025	500	8.53	2.0	47.6	166	1650	7.0	0.05	3.81	7.3	0.17	5	1.5	-	0.06	2,4	43.9	-	-	
14/4/2025	700	8.6	2.0	47.5	166	900	7.0	0.05	3.82	7.3	0.21	5	1.5	-	0.06	1,3	44.4	-	-	
14/4/2025	900	8.62	2.0	47.5	195	1200	7.0	0.09	3.82	7.3	0.19	5	1.5	-	0.06	1,3	43.8	-	-	B/W no 4,5
14/4/2025	1100	8.66	2.0	47.1	170	950	7.0	0.13	3.56	7.3	0.22	5	1.5	-	0.06	1,3	43.8	-	-	
14/4/2025	1300	8.7	2.0	47.2	125	860	7.0	0.1	3.67	7.3	0.21	5	1.5	-	0.06	1,3	43.3	-	-	
14/4/2025	1500	8.7	2.0	46.6	112	821	7.0	0.12	3.58	7.3	0.2	5	1.5	-	0.06	1,3	43.8	-	-	
14/4/2025	1700	8.63	2.0	47.1	99	736	7.0	0.19	3.78	7.3	0.23	5	1.7	-	0.06	1,3	43.6	-	-	
14/4/2025	1900	8.8	2.0	4.7	84	678	7.0	0.2	3.78	7.3	0.27	5	1.6	-	0.06	1,3	44.0	-	-	
14/4/2025	2100	8.79	2.0	4.7	66	592	7.0	0.27	3.78	7.3	0.28	5	1.6	-	0.06	1,3	44.0	-	-	
14/4/2025	2300	8.62	2.0	46.1	63	590	7.0	0.28	3.77	7.3	0.3	5	1.6	-	0.06	1,3	42.4	-	-	B/W filter no.1 3&6 (10.00pm)
14/4/2025	100	8.6	2.0	45.4	52	495	7.0	0.26	3.76	7.3	0.28	5	1.6	-	0.06	1,3	42.3	-	-	
14/4/2025	300	8.58	2.0	45.4	52	495	7.0	0.26	3.75	7.3	0.28	5	1.6	-	0.06	1,3	42.3	-	-	
14/4/2025	500	8.55	2.0	45.4	52	495	7.0	0.26	3.74	7.3	0.28	5	1.6	-	0.06	1,3	42.3	-	-	
15/4/2025	700	8.71	2.0	46.9	72	735	7.0	0.31	3.74	7.3	0.26	5	1.6	-	0.06	1,3	43.1	-	-	
15/4/2025	900	8.66	2.0	46.5	99	1021	7.0	0.31	3.82	7.3	0.26	5	1.6	-	0.06	1,3	43.4	-	-	B/W no.2
15/4/2025	1100	8.62	2.0	46.6	82	830	7.0	0.22	3.64	7.3	0.21	5	1.6	-	0.06	1,3	43.2	-	-	
15/4/2025	1300	8.57	2.0	46.7	73	751	7.0	0.05	3.79	7.3	0.2	5	1.6	-	0.06	1,3	43.1	-	-	
15/4/2025	1500	8.54	2.0	46.8	63	700	7.0	0.06	3.82	7.3	0.18	5	1.6	-	0.06	1,3	43.1	-	-	
15/4/2025	1700	8.4	2.0	46.4	66	651	7.0	0.07	3.82	7.3	0.16	5	1.6	-	0.06	1,3	43.2	-	-	
15/4/2025	1900	8.38	2.0	46.5	59	524	7.0	0.08	3.82	7.3	0.16	5	1.6	-	0.06	1,3	43.2	-	-	
15/4/2025	2100	8.33	2.0	46.5	57	512	7.0	0.08	3.82	7.3	0.17	5	1.6	-	0.06	1,3	43.2	-	-	
15/4/2025	2300	8.01	2.0	46.3	54	495	7.0	0.11	3.78	7.3	0.18	5	1.6	-	0.06	1,3	42.4	-	-	
15/4/2025	100	7.58	2.0	45.2	44	480	7.0	0.32	3.77	7.3	0.26	5	1.6	-	0.06	1,3	42.4	-	-	
15/4/2025	300	7.56	2.0	45.0	44	480	7.0	0.32	3.77	7.3	0.26	5	1.6	-	0.06	1,3	42.4	-	-	
15/4/2025	500	7.51	2.0	45.0	44	480	7.0	0.32	3.77	7.3	0.26	5	1.6	-	0.06	1,3	42.4	-	-	
16/4/2025	700	7.29	2.0	47.2	42	470	7.0	0.52	3.8	7.3	0.3	5	1.6	-	0.06	1,3	43.3	-	-	
16/4/2025	900	7.14	2.0	47.0	42	470	7.0	0.52	3.82	7.3	0.35	5	1.6	-	0.06	1,3	43.3	-	-	B/W no 1,4,5
16/4/2025	1100	6.82	2.0	47.2	41	470	7.0	0.51	3.33	7.3	0.35	5	1.6	-	0.06	1,3	43.3	-	-	
16/4/2025	1300	6.72	2.0	47.2	38	450	7.0	0.28	3.49	7.3	0.41	5	1.6	-	0.06	1,3	43.0	-	-	
16/4/2025	1500	6.51	2.0	46.3	42	470	7.0	0.24	3.4	7.3	0.34	5	1.6	-	0.06	1,3	43.1	-	-	
16/4/2025	1700	6.12	1.0	47.5	60	630	7.0	0.42	3.41	7.3	0.28	5	1.6	-	0.06	1,3	43.2	-	-	
16/4/2025	1900	5.84	1.0	47.5	48	494	7.0	0.58	3.69	7.3	0.32	5	1.4	-	0.06	1,3	43.3	-	-	
16/4/2025	2100	5.69	1.0	47.6	48	490	7.0	0.66	3.79	7.3	0.33	5	1.5	-	0.05	1,3	43.8	-	-	
16/4/2025	2300	5.41	1.0	47.4	48	400	7.0	0.57	3.8	7.3	0.35	5	1.5	-	0.05	1,3	42.4	-	-	B/W filter no.2 & 6 (9.45pm)
16/4/2025	100	5.48	1.0	47.3	52	495	7.0	0.08	3.75	7.3	0.2	5	1.6	-	0.05	1,3	42.4	-	-	
16/4/2025	300	5.5	1.0	46.2	52	495	7.0	0.08	3.77	7.3	0.2	5	1.6	-	0.05	1,3	42.5	-	-	
16/4/2025	500	5.52	1.0	46.1	52	495	7.0	0.08	3.78	7.3	0.2	5	1.6	-	0.05	1,3	42.5	-	-	
17/4/2025	700	5.72		47.3	67	635		0.09	3.82		0.2	5					43.6			
17/4/2025	900	5.66		47.0	69	635		0.09	3.82		0.2	5					43.6			
17/4/2025	1100	5.66		47.0	80	750		0.09	3.82		0.2	5					43.4			
17/4/2025	1300	5.56		47.3	76	720		0.09	3.82		0.19	5					43.4			
17/4/2025	1500	5.61		47.3	74	700		0.07	3.62		0.2	5					43.3			
17/4/2025	1700	5.45		48.7	72	694		0.06	3.78		0.18	5					43.5			
17/4/2025	1900	5.47		48.3	85	788		0.11	3.83		0.18	5					43.5			
17/4/2025	2100	5.6		48.0	79	790		0.12	3.83		0.19	5					43.5			
17/4/2025	2300	5.63		48.2	80	795		0.13	3.8		0.19	5					42.5			
17/4/2025	100	5.66		47.7	70	700		0.29	3.79		0.21	5					42.5			
17/4/2025	300	5.67		47.6	70	700		0.31	3.79		0.23	5					42.5			
17/4/2025	500	5.69		47.7	70	700		0.31	3.79		0.24	5					42.5			
18/4/2025	700	6.05		47.5	67	635		0.38	3.83		0.26	5					43.4			
18/4/2025	900	6.09		47.1	61	590		0.42	3.82		0.28	5					43.3			
18/4/2025	1100	6.09		47.2	61	596		0.34	3.82		0.3	5					43.6			
18/4/2025	1300	6.14		47.2	63	595		0.68	3.63		0.28	5					43.6			
18/4/2025	1500	6.12		47.3	55	498		0.05	3.59		0.23	5					43.4			
18/4/2025	1700	6.01		47.2	53	516		0.06	3.78		0.2	5					43.4			
18/4/2025	1900	5.96		47.2	49	500		0.06	3.82		0.19	5					43.1			
18/4/2025	2100	5.89		47.3	47	490		0.08	3.82		0.18	5					43.2			
18/4/2025	2300	5.78		47.1	47	490		0.16	3.78		0.18	5					42.5			
18/4/2025	100	5.76		47.5	40	480		0.26	3.78		0.23	5					42.4			
18/4/2025	300	5.75		47.5	40	480		0.26	3.79		0.23	5					42.4			
18/4/2025	500	5.74		47.5	40	480		0.26	3.8		0.23	5					42.4			
19/4/2025	700	6.09		47.0	41	480		0.23	3.82		0.24	5					43.4			
19/4/2025	900	5.93		47.3	58	498		0.25	3.82		0.25	5					43.4			
19/4/2025	1100	5.85		47.1	68	565		0.11	3.82		0.24	5					43.3			
19/4/2025	1300	5.79		47.7	53	492		0.13	3.83		0.21	5					43.4			
19/4/2025	1500	5.71		47.8	56	500		0.15	3.83		0.21	5					43.3			
19/4/2025	1700	5.67		47.6	53	481		0.19	3.8		0.22	5					43.4			
19/4/2025	1900	5.54		46.7	51	452		0.2	3.82		0.24	5					43.4			
19/4/2025	2100	5.45		47.5	49	424		0.21	3.81		0.24	5					43.4			
19/4/2025	2300	5.23		46.6	49	424		0.23	3.79		0.25	5					42.4			
19/4/2025	100	5.18		46.3	45	420		0.08	3.76		0.22	5					42.5			
19/4/2025	300	5.12		46.4	45	426		0.08	3.74		0.22	5					42.5			
19/4/2025	500	5.09		46.3	45	420		0.08	3.71		0.22	5					42.5			
20/4/2025	700	5.58		46.6	49	424		0.08	3.76		0.23	5					43.5			
20/4/2025	900	5.8		46.6	49	424		0.08	3.81		0.23	5					43.5			
20/4/2025	1100	5.95		45.9	65	530		0.08	3.81		0.23	5					43.4			
20/4/2025	1300	5.99		46.3	65	530		0.08	3.55		0.23	5					43.4			
20/4/2025	1500	6		46.6	110	1020		0.09	3.61		0.22	5					43.2			
20/4/2025	1700	5.91		46.7	98	971		0.14	3.71		0.21	5					43.6			
20/4/2025	1900	6		46.9	86	746		0.14	3.83		0.21	5					43.3			
20/4/2025	2100	6.12		46.4	67	574		0.14	3.78		0.21	5					43.2			
20/4/2025	2300	6.1		46.3	67	574		0.14	3.67		0.24	5					43.3			
20/4/2025	100	7		46.6	66	570		0.18	3.52		0.23	5					43.2			
20/4/2025	300	7.67		46.7	70	730		0.18	3.59		0.24	5					43.4			
20/4/2025	500	7.9		46.4	96	896		0.22	3.67		0.26	5					43.3			
21/4/2025	700	8.09		46.6	117	1092		0.05	3.62		0.26	5					43.6			
21/4/2025	900	8.21		47.4	177	1621		0.04	3.86		0.22	5					44.0			
21/4/2025	1100	8.35		47.2	163	1596		0.04	3.82		0.38	5					43.7			
21/4/2025	1300	8.42		47.4	146	1504		0.05	3.73		0.25	5					43.2			
21/4/2025	1500	8.24		47.1	130	1120		0.13	3.59		0.28	5					42.3			
21/4/2025	1700	8.34		46.0	96	896		0.26	3.27		0.33	5					42.0			
21/4/2025	1900	8.41		45.1	76	750		1.0	3.11		0.32	5					41.9			
21/4/2025	2100	8.45		45.4	61	590		0.1	3.04		0.29	5					41.8			
21/4/2025	2300	8.76		47.5	61	590		1.2	3.01		4.82	5					42.1			
21/4/2025	100	8.8		47.0	57	565		0.91	2.71		2.21	5					42.1			
21/4/2025	300	8.8		47.1	53	531		0.65	2.94		0.83	5					42.0			
21/4/2025	500	8.8		47.5	49	483		0.52	3.42		0.61	5					42.1			
22/4/2025	700	8.81		47.6	49	483		0.6	3.52		0.4	5					41.2			
22/4/2025	900	8.82		47.7	51	499		0.37	3.48		0.71	5					42.8			
22/4/2025	1100	8.81		47.4	102	991		0.5	3.35		0.7	5					42.8			
22/4/2025	1300	8.79		47.0	74	733		0.57	3.13		0.86	5					42.5			
22/4/2025	1500	8.61		46.5	66	640		0.86	3.2		0.67	5					43.0			
22/4/2025	1700	8.56		45.7	67	640		0.51	3.09		0.63	5					42.4			
22/4/2025	1900	8.53		46.5	50	490		0.91	3.15		0.53	5					43.0			
22/4/2025	2100	8.51		45.6	49	490		1.23	3.21		0.62	5					42.1			
22/4/2025	2300	8.64		45.2	47	481		1.4	3.26		0.71	5					42.8			
22/4/2025	100	8.93		47.3	45	470		0.81	3.07		0.68	5					42.5			
22/4/2025	300	8.9		47.0	44	455		0.95	3.18		0.67	5					42.8			
22/4/2025	500	8.77		46.1	42	430		1.24	3.33		0.77	5					42.7			
23/4/2025	700	8.63		46.1	42	408		0.8	3.35		0.8	5					43.1			
23/4/2025	900	8.38		45.8	39	372		1.8	3.38		0.9	5					43.1			
23/4/2025	1100	8.3		45.2	37	359		1.6	3.22		0.92	5					43.3			
23/4/2025	1300	8.2		45.2	36	349		1.6	2.88		1.0	5					43.1			
23/4/2025	1500	8.04		46.9	35	349		1.6	2.83		0.92	5					42.0			
23/4/2025	1700	7.97		46.2	35	349		1.6	2.71		0.92	5					41.9			
23/4/2025	1900	7.83		48.4	35	349		1.6	2.69		0.92	5					41.9			
23/4/2025	2100	7.77		48.0	36	349		1.6	2.78		0.94	5					41.9			
23/4/2025	2300	8.31		48.1	36	349		4.4	2.86		11.9	5					42.3			
23/4/2025	100	8.12		47.8	34	346		5.1	3.12		6.42	5					42.4			
23/4/2025	300	8.08		46.7	32	341		5.1	3.23		2.8	5					42.2			
23/4/2025	500	8.02		46.3	32	341		2.7	3.03		2.67	5					42.3			
24/4/2025	700	7.94		48.5	30	284		0.8	3.31		1.4	5					42.5			
24/4/2025	900	7.84		48.4	31	297		0.8	3.33		0.28	5					42.8			
24/4/2025	1100	7.35		48.1	27	220		0.8	3.14		0.3	5					42.8			
24/4/2025	1300	7.25		48.3	27	220		0.31	3.2		0.3	5					43.3			
24/4/2025	1500	6.97		47.9	28	220		0.39	3.17		0.76	5					42.3			
24/4/2025	1700	6.84		47.2	27	220		0.35	3.13		0.6	5					42.3			
24/4/2025	1900	6.74		48.7	28	220		0.36	3.22		0.59	5					42.4			
24/4/2025	2100	6.68		47.6	27	220		0.4	3.36		0.59	5					42.6			
24/4/2025	2300	6.87		47.4	26	218		0.39	3.43		1.5	5					43.3			
24/4/2025	100	6.73		47.4	25	218		0.39	3.47		0.74	5					43.1			
24/4/2025	300	6.63		47.6	24	216		0.39	3.51		0.46	5					43.4			
24/4/2025	500	6.17		47.6	24	216		0.39	3.55		0.46	5					43.2			
25/4/2025	700	6.49		47.3	24	231		0.4	3.61		0.28	5					43.6			
25/4/2025	900	6.45		47.0	23	221		0.4	3.7		0.67	5					43.7			
25/4/2025	1100	6.31		46.6	33	318		0.3	3.58		0.52	5					43.5			
25/4/2025	1300	6.22		47.0	25	242		0.4	3.41		0.48	5					43.8			
25/4/2025	1500	5.97		46.2	24	231		0.5	3.34		0.48	5					42.5			
25/4/2025	1700	5.96		46.3	27	250		0.5	3.14		0.41	5					42.5			
25/4/2025	1900	6.05		48.9	27	250		0.6	3.58		0.42	5					42.8			
25/4/2025	2100	6.07		48.9	25	240		0.5	3.72		0.49	5					42.9			
25/4/2025	2300	6.09		48.4	28	252		0.5	3.78		0.78	5					42.7			
25/4/2025	100	5.97		47.6	28	252		0.6	3.78		0.74	5					43.1			
25/4/2025	300	5.95		47.4	26	241		0.6	3.78		0.7	5					43.4			
25/4/2025	500	5.92		47.7	25	241		0.6	3.78		0.69	5					43.0			
26/4/2025	700	5.94		47.4	24	233		0.7	3.82		0.7	5					44.1			
26/4/2025	900	5.96		48.1	25	242		0.4	3.7		0.8	5					43.9			
26/4/2025	1100	5.89		47.8	23	224		0.4	3.67		0.6	5					44.2			
26/4/2025	1300	5.83		47.2	27	250		0.4	3.6		0.5	3					44.1			
26/4/2025	1500	5.71		47.2	30	300		0.3	3.56		0.48	5					42.8			
26/4/2025	1700	5.59		46.8	31	300		0.3	3.52		0.46	5					42.7			
26/4/2025	1900	5.56		48.3	34	320		0.4	3.67		0.69	5					42.8			
26/4/2025	2100	5.62		48.2	31	300		0.4	3.79		0.55	5					42.8			
26/4/2025	2300	-		48.3	36	336		0.37	3.82		0.53	5					44.0			
26/4/2025	100	-		52.4	36	336		0.38	3.42		0.5	5					43.8			
26/4/2025	300	-		52.3	37	342		0.38	3.44		0.42	5					43.7			
26/4/2025	500	-		52.0	37	342		0.38	3.46		0.38	5					43.8			
27/4/2025	700	5.81		47.4	39	379		0.4	3.65		0.41	5					44.0			
27/4/2025	900	5.95		47.3	46	391		0.4	3.68		0.48	5					44.0			
27/4/2025	1100	5.97		47.2	51	414		0.2	3.66		0.44	5					44.0			
27/4/2025	1300	5.91		47.1	45	407		0.2	3.65		0.41	5					43.7			
27/4/2025	1500	5.92		47.0	54	412		0.23	3.71		0.37	5					43.8			
27/4/2025	1700	5.92		47.2	61	426		0.23	3.68		0.35	5					44.1			
27/4/2025	1900	5.9		48.2	63	427		0.24	3.51		0.36	5					44.0			
27/4/2025	2100	5.9		47.8	57	418		0.17	3.72		0.36	5					44.1			
27/4/2025	2300	6.57		48.1	87	874		0.2	3.8		0.43	5					44.2			
27/4/2025	100	6.54		48.0	74	742		0.2	3.8		0.34	5					43.9			
27/4/2025	300	6.59		47.7	62	624		0.24	3.8		0.27	5					43.6			
27/4/2025	500	6.64		47.6	51	511		0.26	3.8		0.24	5					43.4			
28/4/2025	700	5.89		47.5	49	480		0.9	3.82		0.28	5					42.5			
28/4/2025	900	5.89		47.9	48	480		0.07	3.81		0.37	5					42.5			
28/4/2025	1100	5.89		48.6	58	590		0.04	3.8		0.25	5					42.2			
28/4/2025	1300	5.89		49.0	54	412		0.04	3.8		0.17	5					42.2			
28/4/2025	1500	6.31		49.0	52	412		0.04	3.82		0.16	5					42.9			
28/4/2025	1700	6.36		49.5	46	405		0.04	3.83		0.16	5					43.0			
28/4/2025	1900	6.22		48.8	42	381		0.04	3.83		0.16	5					42.9			
28/4/2025	2100	6.25		48.5	39	379		0.04	3.84		0.16	5					42.9			
28/4/2025	2300	6.24		48.5	39	379		0.04	3.83		0.16	5					43.2			
28/4/2025	100	6.19		48.4	37	351		0.04	3.8		0.16	5					43.1			
28/4/2025	300	6.08		48.0	35	337		0.04	3.78		0.16	5					43.0			
28/4/2025	500	6.05		47.8	34	314		0.05	3.76		0.16	5					43.0			
29/4/2025	700	5.89		47.8	34	314		0.05	3.8		0.17	5					42.3			
29/4/2025	900	5.89		46.7	37	350		0.05	3.78		0.17	5					42.4			
29/4/2025	1100	5.89		46.8	34	314		0.05	3.67		0.17	5					42.3			
29/4/2025	1300	5.89		46.4	31	300		0.07	3.6		0.18	5					42.3			
29/4/2025	1500	5.93		47.2	33	341		0.05	3.6		0.18	5					43.1			
29/4/2025	1700	5.8		47.9	33	341		0.05	3.58		0.19	5					43.2			
29/4/2025	1900	5.74		46.5	35	360		0.06	3.61		0.19	5					43.2			
29/4/2025	2100	5.83		45.8	40	385		0.06	3.63		0.19	5					43.2			
29/4/2025	2300	5.87		47.0	55	424		0.08	3.64		0.19	5					43.2			
29/4/2025	100	5.95		47.0	48	350		0.08	3.78		0.18	5					43.2			
29/4/2025	300	6.01		47.0	41	324		0.08	3.78		0.2	5					43.2			
29/4/2025	500	6.09		47.0	34	341		0.08	3.46		0.2	5					43.2			
30/4/2025	700	5.89		46.5	44	450		0.05	3.5		0.2	5					42.3			
30/4/2025	900	5.89		46.0	61	590		0.05	3.45		0.21	5					42.4			
30/4/2025	1100	5.96		46.3	55	480		0.08	3.29		0.23	5					42.3			
30/4/2025	1300	5.94		45.8	49	450		0.08	3.23		0.5	5					42.3			
30/4/2025	1500	5.81		46.0	48	475		0.06	3.22		0.35	5					43.1			
30/4/2025	1700	5.61		47.0	39	410		0.05	3.27		0.21	5					43.8			
30/4/2025	1900	5.61		46.6	39	410		0.04	3.24		0.21	5					43.8			
30/4/2025	2100	5.42		47.2	37	405		0.04	3.32		0.2	5					43.8			
30/4/2025	2300	5.46		47.8	35	360		0.04	3.34		0.19	5					43.8			
30/4/2025	100	5.36		47.0	35	360		0.05	3.45		0.18	5					43.8			
30/4/2025	300	5.14		46.5	34	341		0.05	3.54		0.18	5					43.2			
30/4/2025	500	5.07		47.0	34	341		0.05	3.64		0.18	5					43.2			
