DATE	TIME	RIVER LEVEL	R/W PUMP DUTY	R/W FLOW	R/W NTU	R/W CLR	R/W PH	FILT. NTU	C/W WELL LEVEL	PH	NTU	CLR	CL2	F/RIDE	ALUM	T/W PUMP DUTY	T/W FLOW	18ML LEVEL	18ML FLOW	REMARKS
45668	700.0	4.18	1	52.5	8	80	7	0.05	3.84	7.3	0.15	5	1.7	0.01	0.05	2&4	47.3			
45668	900.0	4.21	1	52.5	9	91	7	0.05	3.84	7.3	0.15	5	1.7	0.01	0.05	2&4	47.3			
45668	1100.0	4.23	1	53.0	10	104	7	0.05	3.84	7.3	0.15	5	1.5	0.01	0.05	2&4	47.1			
45668	1300.0	4.26	1	53.0	10	104	7	0.03	3.84	7.3	0.15	5	1.4	0.01	0.05	2+4	47.4			
45668	1500.0	4.25	1	52.8	10	104	7	0.04	3.84	7.3	0.17	5	1.4	100.0	0.05	2+4	47.1			
45668	1700.0	4.16	1	52.4	10	104	7	0.04	3.84	7.3	0.15	5	1.8	100.0	0.05	2+4	47.3			
45668	1900.0	4.15	1	52.3	12	126	7	0.04	3.83	7.3	0.2	5	1.8	0.01	0.05	2+4	47.3			
45668	2100.0	4.16	2	52.4	15	161	7	0.04	3.84	7.3	0.19	5	1.7	0.01	0.05	2&4	47.3			
45668	2300.0	3.9	2	51.3	18	195	7	0.06	3.83	7.3	0.2	5	2.1	100.0	0.05	2&4	47			
45668	100.0	3.87	2	52.0	18	195	7	0.05	3.7	7.3	0.19	5	2.0	100.0	0.05	2&4	47.1			
45668	300.0	3.84	2	51.5	18	195	7	0.05	3.79	7.3	0.18	5	2.0	100.0	0.05	2&4	47.3			
45668	500.0	3.88	2	51.4	17	189	7	0.04	3.83	7.3	0.17	5	2.3	100.0	0.05	2&4	47.2			
45699	700.0	4.0	2	51.5	15	161	7	0.04	3.82	7.3	0.17	5	1.5	0.01	0.05	2&4	47.2			
45699	900.0	4.83	2	51.6	17	187	7	0.04	3.82	7.3	0.17	5	1.5	0.01	0.05	2&4	47.2			
45699	1100.0	4.81	2	51.6	12	126	7	0.04	3.82	7.3	0.15	5	1.5	0.01	0.05	2&4	47			
45699	1300.0	3.75	2	51.4	12	126	7	0.04	3.84	7.3	0.18	5	1.4	0.01	0.05	2&4	37			
45699	1500.0	3.74	2	51.3	14	138	7	0.04	3.83	7.3	0.18	5	1.4	0.01	0.05	2+3	47.1			
45699	1700.0	3.65	2	51.3	14	138	7	0.04	3.83	7.3	0.19	5	1.4	0.01	0.05	2+3	47			
45699	1900.0	3.69	2	57.6	12	126	7	0.04	3.77	7.3	0.19	5	1.3	0.01	0.05	2+3	47.2			
45699	2100.0	3.6	2	51.2	16	190	7	0.04	3.84	7.3	0.19	5	1.7	0.01	0.05	2+3	47.2			
45699	2300.0	3.72	2	52.8	54	465	7	0.04	3.84	7.3	0.19	5	1.5	0.01	0.05	2&4	47			
45699	100.0	3.69	2	52.6	30	300	7	0.04	3.84	7.3	0.19	5	1.6	0.01	0.05	2&4	47.1			
45699	300.0	3.65	2	52.5	25	250	7	0.06	3.84	7.3	0.18	5	1.7	0.01	0.05	2&4	47.2			
45699	500.0	3.64	2	52.3	21	210	7	0.06	3.84	7.3	0.18	5	1.7	0.01	0.05	2&4	47.2			
45727	700.0	3.82	2	52.4	18	195	7	0.05	3.82	7.3	0.18	5	1.7	0.01	0.06	2&3	48.1			
45727	900.0	3.69	2	52.3	22	248	7	0.05	3.83	7.3	0.18	5	1.8	0.01	0.06	2&3	48.1			
45727	1100.0	3.57	2	52.4	38	379	7	0.05	3.83	7.3	0.19	5	1.8	0.01	0.06	2&3	47			
45727	1300.0	3.52	2	52.1	41	381	7	0.05	3.81	7.3	0.21	5	1.8	0.01	0.06	2&3	47.6			
45727	1500.0	3.56	2	53.4	46	434	7	0.05	3.72	7.3	0.27	5	1.8	0.01	0.05	2&3	47.5			
45727	1700.0	3.7	2	52.7	33	415	7	0.05	3.78	7.3	0.25	5	1.6	0.01	0.05	2&3	47.6			
45727	1900.0	4.05	2	52.1	25	330	7	0.06	3.83	7.3	0.21	5	1.5	0.01	0.05	2&3	47.6			
45727	2100.0	4.09	2	52.1	37	421	7	0.03	3.79	7.3	0.21	5	1.5	0.01	0.05	2&3	47.5			
45727	2300.0	4.09	2	51.9	56	710	7	0.04	3.83	7.3	0.21	5	1.4	0.01	0.05	2+3	47.5			
45727	100.0	4.21	2	52.0	54	556	7	0.04	3.83	7.3	0.21	5	1.6	0.01	0.05	2+3	47.5			
45727	300.0	4.58	2	52.1	49	508	7	0.04	3.83	7.3	0.21	5	1.6	0.01	0.05	2+3	47.2			
45727	500.0	4.77	2	52.0	42	437	7	0.03	3.83	7.3	0.21	5	1.7	0.01	0.05	2+3	47.2			
45758	700.0	4.74	2	52.0	42	437	7	0.04	3.84	7.3	0.21	5	1.8	0.01	0.05	2+3	47.4			
45758	900.0	4.72	2	52.2	40	426	7	0.04	3.75	7.3	0.21	5	1.6	0.01	0.05	2+3	47.3			
45758	1100.0	4.82	2	52.5	47	380	7	0.04	3.79	7.3	0.24	5	1.5	0.01	0.05	2+3	47.3			
45758	1300.0	4.7	2	52.0	51	400	7	0.04	3.84	7.3	0.24	5	1.5	0.01	0.05	2+3	47.4			
45758	1500.0	4.5	2	51.5	63	548	7	0.04	3.83	7.3	0.24	5	1.2	0.01	0.05	2&3	47.3			
45758	1700.0	4.3	2	51.2	45	495	7	0.04	3.83	7.3	0.25	5	1.2	0.01	0.05	2&3	47.4			
45758	1900.0	4.36	2	51.4	44	471	7	0.04	3.84	7.3	0.25	5	1.3	0.01	0.05	2&3	47.4			
45758	2100.0	7.46	2	52.2	42	446	7	0.04	3.84	7.3	0.25	5	1.5	0.01	0.05	2&3	47.4			
45758	2300.0	4.41	2	52.5	43	457	7	0.04	3.81	7.3	0.25	5	1.4	0.01	0.05	2&3	47.2			
45758	100.0	4.1	2	52.3	42	446	7	0.04	3.81	7.3	0.24	5	1.5	0.01	0.05	2&3	47.3			
45758	300.0	3.92	2	52.2	42	446	7	0.04	3.81	7.3	0.24	5	1.5	0.01	0.05	2&3	47.3			
45758	500.0	3.88	2	52.0	44	471	7	0.04	3.56	7.3	0.24	5	1.5	0.01	0.05	2&3	47.3			
45788	700.0	3.78	2	52.2	49	504	7	0.04	3.81	7.3	0.26	5	1.7	0.01	0.05	2+4	47.2			
45788	900.0	3.74	2	52.0	46	486	7	0.04	3.83	7.3	0.24	5	1.6	0.01	0.05	2+4	47.3			
45788	1100.0	3.68	2	52.4	40	426	7	0.04	3.85	7.3	0.25	5	1.2	0.01	0.05	2+4	47.2			
45788	1300.0	2.65	2	52.1	36	374	7	0.04	3.84	7.3	0.27	5	1.1	0.01	0.05	2+4	47.2			
45788	1500.0	3.88	2	52.7	33	358	7	0.05	3.84	7.3	0.28	5	1.4	0.01	0.05	1&3	46.5			
45788	1700.0	3.97	2	51.4	43	395	7	0.04	3.84	7.0	0.37	5	1.4	0.01	0.05	1&3	46.5			
45788	1900.0	4.04	2	51.2	42	387	7	0.04	3.76	7.0	0.29	5	1.4	0.01	0.05	1&3	46.5			
45788	2100.0	4.54	2	50.7	39	365	7	0.04	3.81	7.0	0.28	5	1.5	0.01	0.05	1&3	46.5			
45788	2300.0	4.64	2	52.0	38	341	7	0.04	3.81	7.3	0.28	5	1.5	0.01	0.05	1&3	46.5			
45788	100.0	4.97	2	52.0	40	381	7	0.04	3.81	7.3	0.27	5	1.5	0.01	0.05	1&3	47			
45788	300.0	5.42	2	52.1	43	401	7	0.04	3.81	7.3	0.26	5	1.5	0.01	0.05	1&3	47			
45788	500.0	5.8	2	52.2	46	424	7	0.04	3.81	7.3	0.26	5	1.6	0.01	0.05	1&3	47			
45819	700.0	6.16	2	53.0	48	428	7	0.04	3.81	7.3	0.26	5	1.7	0.01	0.06	1&3	47			
45819	900.0	6.37	2	53.1	86	885	7	0.04	3.82	7.3	0.27	5	1.6	0.01	0.06	1&3	46.7			
45819	1100.0	6.33	2	53.3	60	607	7	0.04	3.81	7.3	0.27	5	1.5	0.01	0.06	1&3	46.6			
45819	1300.0	6.34	2	53.4	46	429	7	0.06	3.67	7.3	0.31	5	1.3	0.01	0.06	1&3	46.7			
45819	1500.0	5.99	2	52.0	47	437	7	0.05	3.68	7.3	0.3	5	1.2	0.01	0.05	1&3	46.5			
45819	1700.0	5.85	2	51.4	45	432	7	0.05	3.83	7.3	0.47	5	1.3	0.01	0.05	1&3	46.8			
45819	1900.0	5.74	2	51.5	46	434	7	0.05	3.74	7.3	0.3	5	1.4	0.01	0.05	1&3	46.7			
45819	2100.0	5.77	2	51.9	46	434	7	0.05	3.83	7.3	0.3	5	1.6	0.01	0.05	1&3	46.6			
45819	2300.0	5.8	2	52.0	44	424	7	0.05	3.82	7.3	0.3	5	1.6	0.01	0.05	1&3	46.7			
45819	100.0	5.92	2	52.2	40	401	7	0.05	3.81	7.3	0.29	5	1.7	0.01	0.05	1&3	46.7			
45819	300.0	5.93	2	52.1	37	361	7	0.05	3.81	7.3	0.28	5	1.7	0.01	0.05	1&3	46.6			
45819	500.0	5.95	2	52.0	32	314	7	0.05	3.81	7.3	0.28	5	1.7	0.01	0.05	1&3	46.6			
45849	700.0	5.93	2	52.0	45	432	7	0.04	3.84	7.3	0.28	5	1.7	0.01	0.06	1&3	46.6	-	-	
45849	900.0	5.96	2	52.6	47	438	7	0.04	3.81	7.3	0.28	5	1.6	0.01	0.06	1&3	46.8	-	-	
45849	1100.0	5.92	2	52.8	54	556	7	0.04	3.8	7.3	0.28	5	1.6	0.01	0.06	1&3	46.8	-	-	
45849	1300.0	5.9	2	52.6	47	438	7	0.04	3.84	7.3	0.3	5	1.4	0.01	0.06	1&3	46.7	-	-	
45849	1500.0	5.61	1	52.5	40	415	7	0.04	3.84	7.3	0.31	5	1.1	0.01	0.05	1&3	46.6	-	-	
45849	1700.0	5.28	1	52.0	43	428	7	0.04	3.84	7.3	0.31	5	1.3	0.01	0.05	1&3	46.9	-	-	
45849	1900.0	5.16	1	51.5	44	432	7	0.04	3.84	7.3	0.31	5	1.7	0.01	0.05	1&3	46.6	-	-	
45849	2100.0	5.08	1	52.5	45	441	7	0.04	3.84	7.3	0.32	5	1.4	0.01	0.05	1&3	47.1	-	-	
45849	2300.0	5.19	1	52.4	37	362	7	0.04	3.83	7.3	0.32	5	1.4	0.01	0.05	1+3	47.1	-	-	
45849	100.0	5.12	1	52.2	31	304	7	0.04	3.81	7.3	0.31	5	1.7	0.01	0.05	1&3	47	-	-	
45849	300.0	5.0	1	52.1	25	241	7	0.04	3.81	7.3	0.31	5	1.7	0.01	0.05	1&3	47	-	-	
45849	500.0	4.75	1	52.1	19	179	7	0.04	3.81	7.3	0.3	5	1.7	0.01	0.05	1&3	47	-	-	
45880	700.0	4.6	1	51.2	28	185	7	0.04	3.82	7.3	0.3	5	1.7	0.01	0.05	1&3	46.7	-	-	
45880	900.0	4.67	1	51.4	18	178	7	0.04	3.8	7.3	0.3	5	1.5	0.01	0.05	1&3	46.9	-	-	
45880	1100.0	4.71	1	51.6	20	180	7	0.04	3.81	7.3	0.31	5	1.4	0.01	0.05	1&3	46.9	-	-	
45880	1300.0	4.6	1		22	182	7	0.04	3.81	7.3	0.33	5	1.3	0.01	0.05	1&3	46.8	-	-	
45880	1500.0	4.49	1	51.2	25	231	7	0.05	3.72	7.3	0.33	5	1.2	0.01	0.05	1&3	46.7	-	-	
45880	1700.0	4.32	2	51.9	29	274	7	0.04	3.83	7.3	0.33	5	1.6	0.01	0.05	1&3	46.8	-	-	
45880	1900.0	4.29	2	51.1	29	274	7	0.04	3.83	7.3	0.34	5	1.7	0.01	0.05	1&3	46.8	-	-	
45880	2100.0	4.26	2	50.7	26	251	7	0.04	3.83	7.3	0.33	5	1.6	0.01	0.05	1&3	46.6	-	-	
45880	2300.0	4.34	2	51.0	34	320	7	0.04	3.83	7.3	0.33	5	1.5	0.01	0.05	1&3	46.7	-	-	
45880	100.0	4.64	2	50.9	30	291	7	0.04	3.81	7.3	0.32	5	1.6	0.01	0.05	1&3	46.8	-	-	
45880	300.0	4.31	2	50.8	29	274	7	0.04	3.81	7.3	0.32	5	1.7	0.01	0.05	1&3	48.7	-	-	
45880	500.0	4.23	2	50.8	27	268	7	0.04	3.86	7.3	0.32	5	1.7	0.01	0.05	1&3	46.8	-	-	
45911	700.0	4.2	2	50.7	21	184	7	0.04	3.75	7.3	0.32	5	1.7	0.5	0.05	3+1	48.6			
45911	900.0	4.18	2	51.2	20	178	7	0.04	3.81	7.3	0.32	5	1.8	0.5	0.05	1+3	48.5			
45911	1100.0	4.16	2	51.3	20	178	7	0.04	3.84	7.3	0.32	5	1.4	0.5	0.05	1+3	48.2			
45911	1300.0	4.14	2	51.1	20	178	7	0.04	3.84	7.3	0.32	5	1.3	0.5	0.05	1+3	48.4			
45911	1500.0	4.07	2	50.7	17	166	7	0.04	3.83	7.3	0.35	5	1.5	0.5	0.05	1&3	46.4			
45911	1700.0	4.02	2	51.0	23	219	7	0.04	3.83	7.3	0.36	5	1.5	0.5	0.05	1&3	46.5			
45911	1900.0	4.11	2	50.8	22	210	7	0.04	3.83	7.3	0.35	5	1.5	0.5	0.05	1&3	46.6			
45911	2100.0	4.19	2	51.0	17	197	7	0.03	3.83	7.3	0.35	5	1.6	0.5	0.05	1&3	46.6			
45911	2300.0	4.26	2	51.5	52	470	7	0.03	3.82	7.3	0.35	5	1.6	0.5	0.05	1&3	46.6			
45911	100.0	4.56	2	52.0	47	420	7	0.03	3.82	7.3	0.35	5	1.6	0.5	0.05	1&3	46.5			
45911	300.0	4.71	2	52.0	34	304	7	0.03	3.82	7.3	0.35	5	1.6	0.5	0.05	1&3	46.5			
45911	500.0	4.99	2	52.0	23	207	7	0.03	3.56	7.3	0.35	5	1.6	0.5	0.05	1&3	46.5			
45941	700.0	4.8	2	51.5	43	430	7	0.04	3.78	7.3	0.35	5	1.6	0.5	0.05	1+3	46.8			
45941	900.0	4.63	2	52.0	50	500	7	0.04	3.84	7.3	0.35	5	1.5	0.5	0.05	2+4	46.6			
45941	1100.0	4.63	2	51.6	40	418	7	0.04	3.84	7.0	0.36	5	1.4	0.5	0.05	2&4	46.6			
45941	1300.0	4.5	2	51.2	30	389	7	0.04	3.84	7.0	0.38	5	1.2	0.5	0.05	2&4	46.4			
45941	1500.0	4.42	2	51.5	29	281	7	0.04	3.84	7.0	0.38	5	1.2	0.5	0.05	2&4	46.6			
45941	1700.0	4.27	2	52.5	25	242	7	0.04	3.84	7.0	0.37	5	1.7	0.5	0.05	2&4	47			
45941	1900.0	4.24	2	52.5	23	229	7	0.04	3.84	7.0	0.37	5	1.7	0.5	0.05	2&4	47			
45941	2100.0	4.19	2	53.0	21	201	7	0.04	3.84	7.0	0.37	5	1.7	0.5	0.05	2&4	47			
45941	2300.0	4.36	2	52.5	18	170	7	0.05	3.7	7.3	0.38	5	1.4	0.5	0.05	2+4	47.1			
45941	100.0	4.58	2	52.3	20	184	7	0.04	3.84	7.3	0.38	5	1.5	0.5	0.05	2+4	46.8			
45941	300.0	4.69	2	52.4	24	206	7	0.04	3.84	7.3	0.37	5	1.7	0.5	0.05	2+4	47.1			
45941	500.0	4.71	2	52.5	21	194	7	0.04	3.84	7.3	0.37	5	1.7	0.5	0.05	2+4	47			
45972	700.0	4.74	2	51.5	15	150	7	0.04	3.85	7.3	0.36	5	1.5	0.5	0.06	2+4	46.4	-	-	
45972	900.0	4.69	2	52.3	22	220	7	0.03	3.85	7.3	0.36	5	1.5	0.5	0.06	2+4	46/5	-	-	
45972	1100.0	4.67	2	52.4	22	220	7	0.03	3.84	7.3	0.4	5	1.5	0.5	0.06	2+4	46.6	-	-	
45972	1300.0	4.73	2	52.1	22	220	7	0.03	3.82	7.3	0.4	5	1.5	0.5	0.06	2+4	46.7	-	-	
45972	1500.0	4.68	2	52.4	31	304	7	0.03	3.82	7.3	0.43	5	1.5	0.5	0.06	2&4	46.7	-	-	
45972	1700.0	4.54	1	52.2	32	318	7	0.04	3.84	7.3	0.4	5	1.5	0.5	0.06	2+4	47	-	-	
45972	1900.0	4.76	1	53.0	31	316	7	0.04	3.59	7.3	0.42	5	1.7	0.5	0.06	2+4	47.2	-	-	
45972	2100.0	4.99	1	52.0	44	421	7	0.04	3.29	7.3	0.42	5	1.2	0.5	0.06	2&4	47	-	-	
45972	2300.0	5.08	1	52.3	36	348	7	0.04	3.36	7.3	0.42	5	1.7	0.5	0.06	2+4	47.2	-	-	
45972	100.0	5.34	1	52.4	40	416	7	0.04	3.58	7.3	0.42	5	1.6	0.5	0.06	2+4	47.3	-	-	
45972	300.0	5.68	1	52.1	43	420	7	0.04	3.76	7.3	0.42	5	1.5	0.5	0.06	2+4	47.1	-	-	
45972	500.0	5.91	1	52.3	44	432	7	0.04	3.83	7.3	0.42	5	1.7	0.5	0.06	2+4	47.2	-	-	
46002	700.0	6.01	1	52.3	30	300	7	0.04	3.83	7.3	0.39	5	1.6	0.5	0.06	2+4	47			
46002	900.0	6.05	1	52.3	28	280	7	0.04	3.83	7.3	0.39	5	1.6	0.5	0.06	2+4	47.1			
46002	1100.0	6.15	1	52.2	32	310	7	0.04	3.83	7.3	0.39	5	1.5	0.5	0.06	2+4	47.3			
46002	1300.0	6.19	1	51.6	34	335	7	0.03	3.83	7.3	0.41	5	1.4	0.5	0.06	2+4	47.4			
46002	1500.0	6.18	1	52.0	30	291	7	0.03	3.83	7.3	0.41	5	1.3	0.5	0.06	2&4	47.3			
46002	1700.0	6.31	1	52.1	28	272	7	0.03	3.8	7.3	0.41	5	1.7	0.5	0.06	2&4	47.2			
46002	1900.0	6.34	1	52.2	28	272	7	0.03	3.83	7.3	0.41	5	1.7	0.5	0.06	2&4	47.3			
46002	2100.0	6.45	1	52.2	31	304	7	0.03	3.64	7.3	0.41	5	1.7	0.5	0.06	2&4	47.2			
46002	2300.0	6.68	1	52.1	17	168	7	0.04	3.79	7.3	0.41	5	1.8	0.5	0.06	2+4	47.2			
46002	100.0	7.61	1	52.2	19	176	7	0.04	3.82	7.3	0.41	5	1.8	0.5	0.06	2+4	47.3			
46002	300.0	7.83	1	52.3	24	190	7	0.04	3.82	7.3	0.41	5	1.7	0.5	0.06	2+4	47.3			
46002	500.0	7.9	1	52.1	26	214	7	0.04	3.82	7.3	0.41	5	1.8	0.5	0.06	2+4	47.2			
13/11/2025	700.0	7.94	1	52.3	62	620	7	0.04	3.83	7.3	0.39	5	1.7	0.5	0.06	2+4	47.1			
13/11/2025	900.0	8.02	1	52.3	62	620	7	0.04	3.83	7.3	0.39	5	1.7	0.5	0.06	2+4	47.1			
13/11/2025	1100.0	7.94	1	52.1	40	400	7	0.04	3.81	7.3	0.38	5	1.5	0.5	0.06	2+4	47.2			
13/11/2025	1300.0	7.89	1	52.4	29	290	7	0.04	3.8	7.3	0.38	5	1.5	0.5	0.06	2+4	47.1			
13/11/2025	1500.0	7.87	1	51.0	25	274	7	0.04	3.82	7.3	0.38	5	1.7	0.28	0.06	2+4	47.2			
13/11/2025	1700.0	7.8	2	52.1	21	209	7	0.05	3.82	7.3	0.38	5	1.7	0.01	0.06	2+4	47.4			
13/11/2025	1900.0	7.75	2	52.2	23	221	7	0.05	3.83	7.3	0.38	5	1.7	0.01	0.06	2&4	47.4			
13/11/2025	2100.0	7.68	2	52.2	21	207	7	0.05	3.64	7.3	0.38	5	1.7	0.01	0.06	2&4	47.4			
13/11/2025	2300.0	7.61	2	52.2	21	207	7	0.05	3.69	7.3	0.39	5	1.9	0.01	0.06	2+4	47.3			
13/11/2025	100.0	7.66	2	52.1	19	196	7	0.05	3.83	7.3	0.38	5	1.7	0.01	0.06	2+4	47.6			
13/11/2025	300.0	7.76	2	52.3	20	200	7	0.05	3.83	7.3	0.38	5	1.7	0.01	0.06	2+4	47.4			
13/11/2025	500.0	7.83	2	52.2	18	184	7	0.05	3.83	7.3	0.38	5	1.7	0.01	0.06	2+4	47.3			
14/11/2025	700.0	7.9	2	52.3	18	180	7	0.05	3.83	7.3	0.36	5	1.7	0.5	0.06	2+4	47			
14/11/2025	900.0	7.92	2	52.1	27	270	7	0.05	3.83	7.3	0.36	5	1.6	0.5	0.06	2+4	47			
14/11/2025	1100.0	7.91	2	52.3	30	300	7	0.05	3.83	7.3	0.36	5	1.6	0.5	0.06	2+4	47			
14/11/2025	1300.0	7.81	2	52.1	24	240	7	0.04	3.8	7.3	0.39	5	1.6	0.5	0.06	2+4	47.1			
14/11/2025	1500.0	7.84	2	51.8	25	254	7	0.04	3.8	7.3	0.38	5	1.4	0.01	0.06	2+4	47.7			
14/11/2025	1700.0	7.83	2	52.6	19	196	7	0.04	3.82	7.3	0.47	5	1.8	0.01	0.06	2+4	47.6			
14/11/2025	1900.0	7.81	2	52.1	17	168	7	0.04	3.69	7.3	0.5	5	2.1	0.01	0.06	2+4	47.4			
14/11/2025	2100.0	7.78	2	52.1	18	174	7	0.04	3.59	7.3	0.45	5	1.9	0.01	0.06	2&4	47.4			
14/11/2025	2300.0	7.71	2	52.4	58	580	7	0.04	3.7	7.3	0.43	5	1.8	0.5	0.06	2&4	47.3			
14/11/2025	100.0	7.75	2	52.6	40	486	7	0.04	3.83	7.3	0.4	5	1.8	0.5	0.06	2&4	47.4			
14/11/2025	300.0	7.72	2	52.4	43	492	7	0.04	3.83	7.3	0.41	5	1.9	19.8	0.06	2+4	47.2			
14/11/2025	500.0	7.73	2	52.5	30	312	7	0.04	3.83	7.3	0.4	5	1.8	19.8	0.06	2+4	47.3			
15/11/2025	700.0	7.48	2	52.1	31	308	7	0.04	3.84	7.3	0.39	5	1.8	0.45	0.06	2&4	47.2			
15/11/2025	900.0	7.45	2	51.9	38	325	7	0.04	3.83	7.3	0.39	5	1.8	0.45	0.06	2&4	47			
15/11/2025	1100.0	7.27	2	51.4	46	396	7	0.08	3.83	7.3	0.45	5	1.6	0.45	0.06	2&4	47			
15/11/2025	1300.0	7.16	2	51.4	51	460	7	0.03	3.82	7.3	0.43	5	1.6	0.01	0.06	2&4	47.1			
15/11/2025	1500.0	7.06	2	51.6	46	408	7	0.04	3.81	7.3	0.43	5	1.6	0.01	0.06	2+4	47			
15/11/2025	1700.0	6.93	1	51.8	56	572	7	0.06	3.81	7.3	0.43	5	1.6	100.0	0.06	2+4	46.8			
15/11/2025	1900.0	6.83	1	52.0	39	371	7	0.06	3.61	7.3	0.52	5	1.7	100.0	0.06	2&4	46.7			
15/11/2025	2100.0	6.8	1	51.5	42	408	7	0.06	3.68	7.3	0.51	5	1.8	100.0	0.06	2&4	46.8			
15/11/2025	2300.0	6.76	1	51.6	40	394	7	0.04	3.77	7.3	0.44	5	1.9	42.3	0.06	2+4	47			
15/11/2025	100.0	6.7	1	51.4	41	402	7	0.04	3.83	7.3	0.43	5	1.7	9.73	0.06	2+4	47.3			
15/11/2025	300.0	6.68	1	51.3	44	431	7	0.04	3.83	7.3	0.43	5	1.8	0.5	0.06	2+4	47.1			
15/11/2025	500.0	6.61	1	51.2	41	400	7	0.04	3.83	7.3	0.43	5	1.8	43.6	0.06	2+4	47.2			
16/11/2025	700.0	6.57	1	51.8	28	280	7	0.04	3.83	7.3	0.42	5	1.8	0.01	0.06	2+4	47.1			
16/11/2025	900.0	6.55	1	51.4	32	325	7	0.04	3.83	7.3	0.42	5	1.6	0.01	0.06	2&4	46.9			
16/11/2025	1100.0	6.4	1	51.3	34	330	7	0.04	3.83	7.3	0.43	5	1.7	0.01	0.06	2&4	47.2			
16/11/2025	1300.0	6.33	1	51.3	31	310	7	0.04	3.83	7.3	0.46	5	1.6	0.01	0.06	2+4	47.1			
16/11/2025	1500.0	6.26	1	51.4	30	300	7	0.04	3.6	7.3	0.47	5	1.6	0.01	0.06	2+4	47.2			
16/11/2025	1700.0	6.11	1	50.2	21	224	7	0.05	3.81	7.3	0.47	5	1.5	0.01	0.06	2+4	47.3			
16/11/2025	1900.0	6.06	1	50.8	23	242	7	0.04	3.81	7.3	0.47	5	1.6	0.01	0.06	2+4	47.3			
16/11/2025	2100.0	6.02	1	51.7	18	196	7	0.04	3.82	7.3	0.47	5	1.6	0.01	0.06	2+4	47.2			
16/11/2025	2300.0	6.04	1	51.6	14	154	7	0.04	3.83	7.3	0.47	5	1.8	0.23	0.06	2+4	47.1			
16/11/2025	100.0	5.96	1	51.7	16	166	7	0.04	3.83	7.3	0.47	5	1.9	0.01	0.06	2+4	47.3			
16/11/2025	300.0	5.7	1	51.2	16	166	7	0.05	3.83	7.3	0.47	5	1.7	0.01	0.06	2+4	47.2			
16/11/2025	500.0	5.57	1	51.4	18	196	7	0.05	3.83	7.3	0.47	5	1.8	0.01	0.06	2+4	47.2			
17/11/2025	700.0	5.76	1	51.5	13	127	7	0.06	3.81	7.3	0.47	5	1.8	100.0	0.05	2&4	47.2			
17/11/2025	900.0	5.76	1	51.5	15	172	7	0.06	3.82	7.3	0.47	5	1.8	100.0	0.05	1&3	47.2			
17/11/2025	1100.0	5.66	1	51.2	18	194	7	0.06	3.56	7.3	0.47	5	1.4	0.01	0.05	1&3	47			
17/11/2025	1300.0	5.56	1	51.3	23	240	7	0.05	3.67	7.3	0.57	5	1.2	0.01	0.05	1+3	47.2			
17/11/2025	1500.0	5.54	1	51.3	23	240	7	0.06	3.7	7.3	0.56	5	1.3	0.01	0.05	1+3	47.2			
17/11/2025	1700.0	5.52	1	51.2	20	192	7	0.06	3.8	7.3	0.56	5	1.5	0.01	0.05	1+3	47.1			
17/11/2025	1900.0	5.34	1	51.3	18	184	7	0.06	3.82	7.3	0.55	5	1.5	0.01	0.05	1+3	47			
17/11/2025	2100.0	5.33	1	51.5	18	184	7	0.06	3.82	7.3	0.55	5	1.5	0.01	0.05	1+3	47.1			
17/11/2025	2300.0	5.69	1	50.1	50	498	7	0.1	3.82	7.3	0.57	5	1.6	0.01	0.05	1&3	47.4			
17/11/2025	100.0	6.23	1	50.0	64	580	7	0.06	3.83	7.3	0.55	5	1.6	0.01	0.05	1&3	47.2			
17/11/2025	300.0	6.81	1	50.1	81	755	7	0.06	3.83	7.3	0.52	5	1.7	0.01	0.05	1&3	47.2			
17/11/2025	500.0	7.34	1	55.9	130	1135	7	0.05	3.7	7.3	0.51	5	1.7	0.01	0.05	1&3	47.2			
18/11/2025	700.0	7.33	1	52.9	108	984	7	0.05	3.81	7.3	0.5	5	1.3	0.01	0.05	1&3	47.2			
18/11/2025	900.0	7.31	1	52.5	94	873	7	0.05	3.81	7.3	0.5	5	1.3	0.01	0.05	1&3	47.2			
18/11/2025	1100.0	7.32	1	54.2	88	750	7	0.06	3.85	7.3	0.51	5	1.2	0.01	0.05	1+3	47.2			
18/11/2025	1300.0	7.3	1	53.8	88	750	7	0.05	3.85	7.3	0.53	5	1.1	0.01	0.05	1+3	47.1			
18/11/2025	1500.0	7.34	1	53.5	80	706	7	0.05	3.83	7.3	0.53	5	1.1	0.01	0.05	1+3	47.2			
18/11/2025	1700.0	7.24	1	53.4	76	684	7	0.05	3.79	7.3	0.53	5	1.5	0.01	0.05	1+3	47.1			
18/11/2025	1900.0	7.1	1	53.8	70	562	7	0.05	3.73	7.3	0.53	5	1.6	0.01	0.05	1+3	47.2			
18/11/2025	2100.0	7.18	1	53.7	73	516	7	0.04	3.8	7.3	0.53	5	1.9	0.01	0.05	1+3	47.3			
18/11/2025	2300.0	7.02	1	53.1	65	531	7	0.04	3.83	7.3	0.53	5	1.8	0.01	0.05	1&3	47.1			
18/11/2025	100.0	6.91	1	52.9	63	515	7	0.04	3.83	7.3	0.53	5	1.8	0.01	0.05	1&3	47.1			
18/11/2025	300.0	6.89	1	52.7	63	515	7	0.04	3.8	7.3	0.53	5	1.7	0.01	0.05	1&3	47.2			
18/11/2025	500.0	6.9	1	54.0	60	512	7	0.04	3.82	7.3	0.53	5	1.4	0.01	0.05	1&3	51.7			
19/11/2025	700.0	6.9	1	53.7	60	512	7	0.03	3.82	7.3	0.53	5	1.5	10.8	0.06	1&3	51.6			
19/11/2025	900.0	6.92	1	53.5	61	527	7	0.03	3.82	7.3	0.53	5	1.5	16.1	0.06	1&3	51.6			
19/11/2025	1100.0	6.82	1	53.8	65	663	7	0.04	3.82	7.3	0.56	5	1.3	100.0	0.06	1+3	51.4			
19/11/2025	1300.0	6.71	1	53.5	70	718	7	0.04	3.82	7.3	0.56	5	1.2	100.0	0.06	1+3	51.5			
19/11/2025	1500.0	6.54	1	53.5	64	660	7	0.04	3.68	7.3	0.57	5	1.4	100.0	0.06	1,3+4	51.6			
19/11/2025	1700.0	6.34	1	51.3	50	490	7	0.04	3.17	7.3	0.58	5	1.3	100.0	0.06	1,3+4	50.8			
19/11/2025	1900.0	6.41	2	52.4	54	570	7	0.04	2.88	7.3	0.58	5	1.5	100.0	0.06	1,3+4	49.8			
19/11/2025	2100.0	6.43	2	53.6	51	490	7	0.04	2.6	7.3	0.58	5	1.5	0.01	0.06	1,3+4	49.5			
19/11/2025	2300.0	6.47	2	53.2	33	350	7	0.05	2.75	7.3	0.58	5	2.5	0.01	0.05	1,3+4	50			
19/11/2025	100.0	6.39	2	53.2	26	260	7	0.04	3.0	7.3	0.64	5	2.1	0.01	0.05	1,3+4	49.8			
19/11/2025	300.0	6.28	2	53.3	22	224	7	0.04	3.04	7.3	0.74	5	2.1	0.01	0.05	1,3+4	50			
19/11/2025	500.0	6.12	2	63.4	22	220	7	0.04	3.08	7.3	0.92	5	2.1	0.01	0.05	1,3+4	50			
20/11/2025	700.0	6.04	2	53.6	19	207	7	0.05	3.12	7.3	0.58	5	1.8	0.01	0.05	1,3,4	50.6			
20/11/2025	900.0	6.01	1	54.6	18	198	7	0.05	3.17	7.3	0.58	5	1.8	0.01	0.05	1,3,4	50.7			
20/11/2025	1100.0	5.89	1	55.2	18	198	7	0.05	3.33	7.3	0.58	5	1.6	0.01	0.05	1,3,4	51			
20/11/2025	1300.0	5.74	1	53.8	14	152	7	0.05	3.06	7.3	0.99	5	1.8	0.01	0.05	1,3,4	50.6			
20/11/2025	1500.0	5.72	1	53.6	13	140	7	0.05	3.09	7.3	0.73	5	2.1	0.01	0.05	1,3,4	50.4			
20/11/2025	1700.0	5.51	1	53.3	13	130	7	0.07	3.53	7.3	0.64	5	1.5	0.01	0.05	1+3	47.8			
20/11/2025	1900.0	5.58	1	53.2	14	148	7	0.07	3.85	7.3	0.64	5	1.5	0.01	0.05	1+3	49.2			
20/11/2025	2100.0	5.64	1	52.6	14	148	7	0.06	3.85	7.3	0.64	5	1.7	0.01	0.05	1+3	47.8			
20/11/2025	2300.0	6.08	2	57.4	17	180	7	0.06	3.85	7.3	0.64	5	1.5	0.01	0.05	1&3	48.1			
20/11/2025	100.0	6.49	2	54.3	20	200	7	0.06	3.85	7.3	0.61	5		0.01	0.05	1&3	48.1			
20/11/2025	300.0	6.89	2	54.0	50	500	7	0.06	3.85	7.3	0.64	5		0.01	0.05	1&3	48.1			
20/11/2025	500.0	6.02	2	54.1	68	610	7	0.06	3.85	7.3	0.4	5		0.01	0.05	1&3	48.1			
21/11/2025	700.0	7.17	2	54.7	86	810	7	0.04	3.83	7.3	0.63	5	1.6	0.01	0.05	1+3	47.7			
21/11/2025	900.0	6.94	2	54.6	85	802	7	0.04	3.84	7.3	0.62	5	1.5	0.01	0.05	1+3	47.6			
21/11/2025	1100.0	6.78	2	54.3	53	518	7	0.04	3.85	7.3	0.64	5	1.4	0.01	0.05	1+3	48.6			
21/11/2025	1300.0	6.64	2	54.1	44	420	7	0.04	3.85	7.3	0.66	5	1.3	0.01	0.05	1+3	47.9			
21/11/2025	1500.0	6.37	2	54.3	40	480	7	0.04	3.84	7.3	0.66	5	1.3	0.01	0.05	1+3	48			
21/11/2025	1700.0	6.28	3+4	54.4	40	480	7	0.04	3.82	7.3	0.66	5	1.4	0.01	0.05	1&3	47.9			
21/11/2025	1900.0	6.37	3+4	54.3	40	480	7	0.04	3.79	7.3	0.67	5	1.4	0.01	0.05	1&3	47.8			
21/11/2025	2100.0	6.55	3+4	54.3	35	320	7	0.04	3.83	7.3	0.67	5	1.5	0.01	0.05	1&3	47.7			
21/11/2025	2300.0	6.81	3&4	51.7	35	320	7	0.04	3.83	7.3	0.67	5	1.5	0.01	0.05	1&3	47.9			
21/11/2025	100.0	6.34	3&4	51.8	39	401	7	0.04	3.83	7.3	0.67	5	1.5	0.01	0.05	1&3	47.9			
21/11/2025	300.0	6.74	3&4	51.6	44	455	7	0.04	3.84	7.3	0.68	5	1.5	0.01	0.05	1&3	47.8			
21/11/2025	500.0	6.83	3&4	51.7	48	493	7	0.04	3.84	7.3	0.68	5	1.5	0.01	0.05	1&3	47.9			
22/11/2025	700.0	7.81	3&4	51.7	66	604	7	0.04	3.82	7.3	0.68	5	1.6	0.01	0.05	1&3	47.2			
22/11/2025	900.0	7.87	3&4	51.5	61	572	7	0.04	3.82	7.3	0.68	5	1.6	0.01	0.05	1&3	47.2			
22/11/2025	1100.0	7.8	3&4	52.5	40	401	7	0.04	3.82	7.3	0.68	5	1.3	0.01	0.05	1&3	47.3			
22/11/2025	1300.0	7.77	3&4	53.0	29	272	7	0.04	3.82	7.3	0.72	5	1.3	0.01	0.05	1&3	47.3			
22/11/2025	1500.0	7.6	3&4	53.2	25	260	7	0.04	3.85	7.3	0.73	5	1.3	0.01	0.05	1&3	47.1			
22/11/2025	1700.0	7.59	2&3	53.2	28	272	7	0.04	3.82	7.3	0.74	5	1.3	0.01	0.05	1&3	47.2			
22/11/2025	1900.0	7.57	2&3	53.0	29	272	7	0.04	3.83	7.3	0.75	5	1.4	0.01	0.05	1&3	46.9			
22/11/2025	2100.0	7.64	2&3	53.3	26	264	7	0.04	3.65	7.3	0.75	5	1.6	0.01	0.05	1&3	46.8			
22/11/2025	2300.0	7.85	2&3	55.4	36	372	7	0.04	3.83	7.3	0.75	5	1.5	0.01	0.05	1&3	46.8			
22/11/2025	100.0	7.9	2&3	55.1	37	380	7	0.05	3.85	7.3	0.75	5	1.5	0.01	0.05	1&3	46.8			
22/11/2025	300.0	8.01	2&3	54.7	47	452	7	0.03	3.85	7.3	0.75	5	1.4	0.01	0.05	1&3	46.8			
22/11/2025	500.0	8.02	2&3	54.7	53	495	7	0.04	3.4	7.3	0.9	5	1.5	0.01	0.05	1&3	50.6			
23/11/2025	700.0	8.06	2+3	55.5	44	440	7	0.04	3.22	7.3	0.77	5	2.0	0.01	0.05	1,3,4	50.7			
23/11/2025	900.0	8.07	2+3	55.3	42	443	7	0.05	3.3	7.3	0.77	5	1.7	0.01	0.05	1,3,4	50.6			
23/11/2025	1100.0	7.92	2+3	55.0	27	264	7	0.03	3.66	7.3	0.76	5	1.3	0.01	0.05	1,3,4	51.6			
23/11/2025	1300.0		2+3	55.1	26	259	7	0.04	3.66	7.3	0.78	5	1.4	0.01	0.05	1,3,4	50.8			
23/11/2025	1500.0	7.79	2+3	55.4	22	240	7	0.03	3.91	7.3	0.81	5	1.7	0.01	0.05	3+4	46.8			
23/11/2025	1700.0	7.75	2+3	55.2	16	216	7	0.03	3.87	7.3	0.77	5	1.6	0.01	0.05	3+4	47.2			
23/11/2025	1900.0	7.74	2+3	55.0	16	216	7	0.03	3.87	7.3	0.73	5	1.8	0.01	0.05	3+4	47			
23/11/2025	2100.0	7.76	2+3	55.1	16	216	7	0.03	3.87	7.3	0.74	5	1.8	0.01	0.05	2,3+4	47.6			
23/11/2025	2300.0	7.53	2&3	56.0	30	274	7	0.03	3.82	7.3	0.71	5	1.0	0.01	0.05	2,3,4	51.4			
23/11/2025	100.0	7.5	2&3	56.5	40	390	7	0.03	3.82	7.3	0.7	5	1.0	0.01	0.05	2,3,4	51.7			
23/11/2025	300.0	7.46	2&3	56.5	43	407	7	0.03	3.82	7.3	0.68	5	1.0	0.01	0.05	2,3,4	51.7			
23/11/2025	500.0	7.38	2&3	56.5	30	390	7	0.03	3.82	7.3	0.66	5	1.0	0.01	0.05	2,3,4	51.7			
24/11/2025	700.0	7.36	2+3	56.4	27	364	7	0.04	3.85	7.3	0.66	5	1.0	0.01	0.05	2,3,4	51.6			
24/11/2025	900.0	7.34	2+3	55.6	32	356	7	0.04	3.85	7.3	0.66	5	1.0	0.01	0.05	2,3,4	51.7			
24/11/2025	1100.0	7.2	2+3	55.3	23	340	7	0.04	3.85	7.3	0.73	5	1.5	0.01	0.05	2,3,4	51.3			
24/11/2025	1300.0	7.09	2+3	55.6	23	340	7	0.04	3.84	7.3	0.78	5	1.7	0.01	0.05	2,3,4	51.6			
24/11/2025	1500.0	7.0	2	54.8	46	448	7	0.05	3.84	7.3	0.8	5	1.6	0.01	0.05	1,2,4	51.4			
24/11/2025	1700.0	6.86	2	54.9	35	388	7	0.05	3.8	7.3	0.82	5	1.6	0.01	0.05	1,2,4	51.5			
24/11/2025	1900.0	6.74	2	56.0	38	389	7	0.05	3.73	7.3	0.82	5	1.4	0.01	0.05	1,2,4	51.7			
24/11/2025	2100.0	6.66	2	55.9	44	440	7	0.05	3.84	7.3	0.83	5	1.5	0.01	0.05	1,2,4	51.8			
24/11/2025	2300.0	6.65	2	55.8	41	422	7	0.06	3.61	7.3	0.83	5	1.5	0.01	0.05	1,2,4	52.3			
24/11/2025	100.0	6.74	2	55.7	38	394	7	0.06	3.68	7.3	0.83	5	1.8	0.01	0.05	1,2,4	52			
24/11/2025	300.0	6.8	2	55.5	35	358	7	0.05	3.8	7.3	0.84	5	1.8	0.01	0.05	1,2,4	51.9			
24/11/2025	500.0	6.89	2	56.4	31	326	7	0.04	3.85	7.3	0.85	5	1.8	0.01	0.05	1,2,4	51.9			
25/11/2025	700.0	6.86	2	55.6	33	330	7	0.05	3.82	7.3	0.85	5	1.7	0.01	0.05	1,2,4	48.5			
25/11/2025	900.0	6.84	2	55.5	44	410	7	0.04	3.82	7.3	0.86	5	1.6	0.01	0.05	1,2,4	49.6			
25/11/2025	1100.0	7.02	2	55.8	44	410	7	0.04	3.82	7.3	0.88	5	1.6	0.01	0.05	1,2,4	50.2			
25/11/2025	1300.0	7.0	2	55.2	46	418	7	0.04	3.82	7.3	0.89	5	1.4	0.01	0.05	1,2,4	51.3			
25/11/2025	1500.0	6.9	2	55.5	46	418	7	0.05	3.74	7.3	0.91	5	1.5	0.01	0.05	1,2,4	52.3			
25/11/2025	1700.0	6.9	2	55.0	38	375	7	0.04	3.84	7.3	0.92	5	1.6	0.01	0.05	1,2,4	51.4			
25/11/2025	1900.0	6.89	2	54.9	33	347	7	0.04	3.84	7.3	0.94	5	1.6	0.01	0.05	1,2,4	51			
25/11/2025	2100.0	6.88	2	48.4	35	358	7	0.03	3.67	7.3	0.92	5	1.7	0.01	0.05	1,2,4	52			
25/11/2025	2300.0	6.9	2	54.7	39	384	7	0.03	3.74	7.3	0.91	5	1.8	0.01	0.05	1,2,4	52.7			
25/11/2025	100.0	7.1	2	54.5	42	397	7	0.03	3.82	7.3	0.9	5	1.7	0.01	0.05	1,2,4	52.6			
25/11/2025	300.0	7.31	2	54.4	53	424	7	0.03	3.82	7.3	0.9	5	1.6	0.01	0.05	1,2,4	52.6			
25/11/2025	500.0	7.44	2	54.5	68	474	7	0.03	3.82	7.3	0.9	5	1.7	0.01	0.05	1,2,4	52.6			
26/11/2025	700.0	7.52	2	54.4	89	612	7	0.04	3.84	7.3	0.9	5	1.6	0.01	0.05	1,2,4	52.7			
26/11/2025	900.0	7.48	2	54.6	71	510	7	0.04	3.84	7.3	0.91	5	1.6	0.01	0.05	1,2,4	55.1			
26/11/2025	1100.0	7.46	2	54.5	51	478	7	0.04	3.84	7.3	0.92	5	1.6	0.01	0.05	1,2,4	55.6			
26/11/2025	1300.0	7.47	2	54.6	39	384	7	0.04	3.84	7.3	0.95	5	1.6	0.01	0.05	1,2,4	51.9			
26/11/2025	1500.0	7.29	2	54.8	34	355	7	0.04	3.84	7.3	0.95	5	1.6	0.01	0.05	1,2,4	50.9			
26/11/2025	1700.0	7.22	2	54.1	29	314	7	0.04	3.82	7.3	0.95	5	1.6	0.01	0.05	1,2,4	51.8			
26/11/2025	1900.0	7.14	2	54.4	42	420	7	0.04	3.81	7.3	0.98	5	1.6	0.01	0.05	1,2,4	51.2			
26/11/2025	2100.0	7.05	2	54.2	54	541	7	0.04	3.81	7.3	0.98	5	1.6	0.01	0.05	1,2,4	51.4			
26/11/2025	2300.0	7.02	2	54.5	46	471	7	0.04	3.82	7.3	0.95	5	1.6	0.01	0.05	1,2,4	52.4			
26/11/2025	100.0	7.01	2	54.0	42	414	7	0.04	3.82	7.3	0.94	5	1.6	0.01	0.05	1,2,4	52.6			
26/11/2025	300.0	7.03	2	53.0	40	381	7	0.04	3.82	7.3	0.94	5	1.6	0.01	0.05	1,2,4	52.4			
26/11/2025	500.0	7.05	2	53.0	37	352	7	0.04	3.82	7.3	0.94	5	1.6	0.01	0.05	1,2,4	52			
27/11/2025	700.0	7.04	2	53.2	33	336	7	0.04	3.83	7.3	0.94	5	1.6	0.72	0.05	1,2,4	52.1			
27/11/2025	900.0	7.08	2	53.4	36	348	7	0.04	3.83	7.3	0.94	5	1.5	0.54	0.05	1,2,4	52			
27/11/2025	1100.0	7.05	2	53.1	34	330	7	0.04	3.82	7.3	0.99	5	1.4	0.01	0.05	1,2,4	52.4			
27/11/2025	1300.0	7.04	2	53.2	34	330	7	0.04	3.82	7.3	0.99	5	1.4	0.01	0.05	1,2,4	52.3			
27/11/2025	1500.0	6.68	2	53.2	33	330	7	0.04	3.77	7.3	0.99	5	1.4	0.01	0.05	1,2,4	52.3			
27/11/2025	1700.0	6.53	2	53.3	32	320	7	0.04	3.83	7.3	1.0	5	1.4	0.01	0.05	1,2,4	52.2			
27/11/2025	1900.0	6.46	2	53.4	34	340	7	0.06	3.83	7.3	1.0	5	1.4	0.01	0.05	1,2,4	52.1			
27/11/2025	2100.0	6.43	2	53.1	37	370	7	0.06	3.83	7.3	1.0	5	1.4	0.01	0.05	1,2,4	52.4			
27/11/2025	2300.0	6.42	2	53.2	31	308	7	0.06	3.82	7.3	1.0	5	1.4	0.01	0.05	1,2,4	52.2			
27/11/2025	100.0	6.5	2	53.0	31	308	7	0.06	3.82	7.3	0.99	5	1.3	0.01	0.05	1,2,4	52			
27/11/2025	300.0	6.54	2	53.0	32	317	7	0.06	3.82	7.3	0.99	5	1.3	0.01	0.05	1,2,4	52			
27/11/2025	500.0	6.57	2	53.0	32	317	7	0.06	3.82	7.3	0.99	5	1.3	0.01	0.05	1,2,4	52			
28/11/2025	700.0	6.61	2	53.1	32	317	7	0.04	3.85	7.3	0.99	5	1.2	0.02	0.05	1,2,4	52.2			
28/11/2025	900.0	6.64	2	53.0	31	309	7	0.04	3.85	7.3	0.99	5	1.3	0.01	0.05	1,2,4	52			
28/11/2025	1100.0	6.45	2	53.2	27	284	7	0.04	3.85	7.3	1.0	5	1.4	0.01	0.05	1,2,4	52.2			
28/11/2025	1300.0	6.42	2	53.4	27	284	7	0.04	3.85	7.3	1.03	5	1.1	0.01	0.05	1,2,4	52.2			
28/11/2025	1500.0	6.06	2	53.4	29	290	7	0.04	3.85	7.3	1.0	5	1.2	0.01	0.05	1,2,4	52.2			
28/11/2025	1700.0	5.94	2	53.3	26	260	7	0.04	3.84	7.3	1.03	5	1.3	0.01	0.05	1,2,4	52.2			
28/11/2025	1900.0	5.85	2	53.4	29	284	7	0.04	3.84	7.3	1.04	5	1.4	0.01	0.05	1,2,4	52.2			
28/11/2025	2100.0	5.77	2	53.1	28	280	7	0.04	3.81	7.3	0.18	5	1.5	0.01	0.05	1,2,4	52.1			
28/11/2025	2300.0	5.71	2	53.0	26	251	7	0.04	3.82	7.3	0.18	5	1.5	0.01	0.05	1,2,4	51.9			
28/11/2025	100.0	5.7	2	53.1	24	232	7	0.04	3.82	7.3	0.18	5	1.4	0.01	0.05	1,2,4	52.1			
28/11/2025	300.0	5.65	2	53.0	22	217	7	0.04	3.82	7.3	0.17	5	1.4	0.01	0.05	1,2,4	52			
28/11/2025	500.0	5.63	2	53.0	21	208	7	0.04	3.82	7.3	0.17	5	1.4	0.01	0.05	1,2,4	52			
29/11/2025	700.0	5.53	2	53.0	21	204	7	0.04	3.82	7.3	0.17	5	1.4	0.01	0.05	1,2,4	52			
29/11/2025	900.0	5.39	2	53.0	22	217	7	0.04	3.82	7.3	0.17	5	1.4	0.01	0.05	1,2,4	52			
29/11/2025	1100.0	5.32	2	52.5	28	264	7	0.04	3.82	7.3	0.17	5	1.4	0.01	0.05	1,2,4	52			
29/11/2025	1300.0	5.24	2	52.5	37	324	7	0.04	3.82	7.3	0.17	5	1.4	0.01	0.05	1,2,4	52			
29/11/2025	1500.0	5.18	2	53.0	25	250	7	0.04	3.82	7.3	0.18	5	1.2	0.01	0.05	1,2,4	51.9			
29/11/2025	1700.0	5.12	2	53.1	30	300	7	0.03	3.78	7.3	0.19	5	1.2	0.01	0.05	1,2,4	52			
29/11/2025	1900.0	5.09	2	53.4	23	230	7	0.04	3.77	7.3	0.19	5	1.3	0.01	0.05	1,2,4	52.1			
29/11/2025	2100.0	5.04	2	53.2	23	230	7	0.04	3.8	7.3	0.2	5	1.3	0.01	0.05	1,2,4	52.4			
29/11/2025	2300.0	5.01	2	53.0	22	208	7	0.04	3.82	7.3	0.2	5	1.3	0.01	0.05	1,2,4	52			
29/11/2025	100.0	4.92	2	53.0	21	201	7	0.04	3.82	7.3	0.2	5	1.4	0.01	0.05	1,2,4	52			
29/11/2025	300.0	4.94	2	52.7	21	201	7	0.04	3.82	7.3	0.2	5	1.4	0.01	0.05	1,2,4	52			
29/11/2025	500.0	4.96	2	52.5	20	189	7	0.04	3.82	7.3	0.2	5	1.4	0.01	0.05	1,2,4	52			
30/11/2025	700.0	4.94	2	53.4	20	189	7	0.04	3.83	7.3	0.2	5	1.3	0.01	0.05	1,2,4	52.4			
30/11/2025	900.0	4.97	2	53.8	20	189	7	0.04	3.83	7.3	0.2	5	1.4	0.01	0.05	1,2,4	52.2			
30/11/2025	1100.0	4.84	2	53.4	19	180	7	0.04	3.78	7.3	0.21	5	1.4	0.01	0.05	1,2,4	52			
30/11/2025	1300.0	4.62	2	53.0	19	180	7	0.05	3.82	7.3	0.21	5	1.2	0.01	0.05	1,2,4	52.1			
30/11/2025	1500.0	4.6	2	53.2	22	220	7	0.05	3.82	7.3	0.21	5	1.0	0.01	0.05	1,2,4	52			
30/11/2025	5.87	4.56	2	53.1	23	230	7	0.05	3.68	7.3	0.22	5	1.1	0.01	0.05	1,2,4	51.8			
30/11/2025	1900.0	4.54	2	53.4	27	270	7	0.04	3.73	7.3	0.21	5	1.1	0.01	0.05	1,2,4	51.8			
30/11/2025	2100.0	4.58	2	53.2	23	230	7	0.04	3.81	7.3	0.21	5	1.1	0.01	0.05	1,2,4	51.7			
30/11/2025	2300.0	4.62	2	53.2	31	274	7	0.04	3.8	7.3	0.22	5	1.1	0.01	0.05	1,2,4	51.7			
30/11/2025	100.0	4.62	2	53.0	30	261	7	0.04	3.82	7.3	0.21	5	1.1	0.01	0.05	1,2,4	51.7			
30/11/2025	300.0	4.68	2	52.7	29	253	7	0.04	3.82	7.3	0.21	5	1.1	0.01	0.05	1,2,4	51.7			
30/11/2025	500.0	4.7	2	52.5	28	244	7	0.04	3.82	7.3	0.21	5	1.1	0.01	0.05	1,2,4	51.7			
